gamePk,atBatIndex,playIndex,playId,runnerid,runnerfullName,originBase,start,end,event,eventType,movementReason,isOut,outBase,outNumber,isScoringEvent,rbi,earned,teamUnearned,responsiblepitcherid
777960,0,5,882c17dd-4b15-32b1-b5f4-2f9c63fadc36,686217,Sal Frelick,,,,Groundout,field_out,,True,1B,1,False,False,False,False,
777960,1,1,a51559ef-e07d-3a4a-bcb1-70afd7adc4e3,694192,Jackson Chourio,,,,Pop Out,field_out,,True,1B,2,False,False,False,False,
777960,2,5,260c999f-4dcb-3e3d-af18-2bfffe381bdf,592885,Christian Yelich,,,2B,Double,double,,False,,,False,False,False,False,
777960,3,0,231e64f4-a88e-3ae5-aadf-61fbed5af6a0,661388,William Contreras,,,,Lineout,field_out,,True,1B,3,False,False,False,False,
777960,4,2,cf04ea5f-1440-339b-8aff-d380173d5dcd,680757,Steven Kwan,,,,Lineout,field_out,,True,1B,1,False,False,False,False,
777960,5,4,a05011e7-bb21-3b8d-91af-7a533f6ca5c8,682177,Daniel Schneemann,,,,Pop Out,field_out,,True,1B,2,False,False,False,False,
777960,6,4,0c72a8e4-0081-3a5f-bc6e-0ec0be520979,608070,José Ramírez,,,,Groundout,field_out,,True,1B,3,False,False,False,False,
777960,7,3,21f5a234-9a4b-3e7d-bee4-8d635986b2ed,668930,Brice Turang,,,,Flyout,field_out,,True,1B,1,False,False,False,False,
777960,8,3,2fbb697b-c881-361a-aa2d-dc70a00539e1,656555,Rhys Hoskins,,,1B,Walk,walk,,False,,,False,False,False,False,
777960,9,7,8693c4e8-3297-3643-a0c9-a481acbc4c51,641343,Jake Bauers,,,,Strikeout,strikeout,,True,1B,2,False,False,False,False,
777960,9,7,8693c4e8-3297-3643-a0c9-a481acbc4c51,656555,Rhys Hoskins,1B,1B,2B,Stolen Base 2B,stolen_base_2b,r_stolen_base_2b,False,,,False,False,False,False,
777960,10,2,57fbba7b-8cc5-3ebf-988c-eb00cf5ed854,655316,Andruw Monasterio,,,,Lineout,field_out,,True,1B,3,False,False,False,False,
777960,11,1,60a55bcd-bf44-3666-ab8b-539201920099,467793,Carlos Santana,,,,Groundout,field_out,,True,1B,1,False,False,False,False,
777960,12,6,4389b028-8044-3cbf-adb2-b36712bbbc6e,700932,Kyle Manzardo,,,1B,Single,single,,False,,,False,False,False,False,
777960,13,1,9fba864c-613d-3535-8f6d-55861337d596,666310,Bo Naylor,,,,Lineout,field_out,,True,1B,2,False,False,False,False,
777960,14,2,957fdfb4-ff24-388c-82a8-1df2bc2c7fd4,672356,Gabriel Arias,,,,Strikeout,strikeout,,True,1B,3,False,False,False,False,
777960,15,2,6c03b488-dfc4-381b-a171-e71aeb14c319,702332,Caleb Durbin,,,,Lineout,field_out,,True,1B,1,False,False,False,False,
777960,16,4,2dff2674-839d-33b7-865b-464832a2f32b,686217,Sal Frelick,,,,Flyout,field_out,,True,1B,2,False,False,False,False,
777960,17,5,72866c07-e71d-3814-8393-4aa1d17063a5,694192,Jackson Chourio,,,1B,Walk,walk,,False,,,False,False,False,False,
777960,18,1,40be742e-4718-34f8-b619-0c4434c49292,592885,Christian Yelich,,,,Pop Out,field_out,,True,1B,3,False,False,False,False,
777960,19,5,e9b40a42-f176-3cfe-b2f6-dab08445e4f9,666134,Nolan Jones,,,,Groundout,field_out,,True,1B,1,False,False,False,False,
777960,20,2,19d3bd9d-c395-3b2f-a22e-51d39d970e13,686823,Will Brennan,,,,Flyout,field_out,,True,1B,2,False,False,False,False,
777960,21,4,42563fad-0fc7-3c26-8414-c91cf9ca7041,680757,Steven Kwan,,,,Groundout,field_out,,True,1B,3,False,False,False,False,
777960,22,6,1a6d556f-4b7a-30c5-a61f-a43e17f5c782,661388,William Contreras,,,,Flyout,field_out,,True,1B,1,False,False,False,False,
777960,23,3,1b449d8f-50d7-3328-8419-8a8c8cba4cc7,668930,Brice Turang,,,,Groundout,field_out,,True,1B,2,False,False,False,False,
777960,24,5,deea729a-ebcf-3ad3-9b4a-b7dd4c5de09a,656555,Rhys Hoskins,,,1B,Single,single,,False,,,False,False,False,False,
777960,25,1,1a81f4c3-2655-3dae-a66d-95a2891168a1,641343,Jake Bauers,,,2B,Double,double,,False,,,False,False,False,False,
777960,25,1,1a81f4c3-2655-3dae-a66d-95a2891168a1,656555,Rhys Hoskins,1B,1B,3B,Double,double,r_adv_force,False,,,False,False,False,False,
777960,26,4,342a762a-d1a0-38c4-a444-0fdf22d07017,655316,Andruw Monasterio,,,1B,Walk,walk,,False,,,False,False,False,False,
777960,27,2,ed004825-a6ad-38d5-8d5c-1922719543bc,655316,Andruw Monasterio,1B,1B,,Forceout,force_out,r_force_out,True,2B,3,False,False,False,False,
777960,27,2,ed004825-a6ad-38d5-8d5c-1922719543bc,702332,Caleb Durbin,,,1B,Forceout,force_out,,False,,,False,False,False,False,
777960,28,4,e2bd7540-22ed-3a54-ab27-2456f1f3fedf,682177,Daniel Schneemann,,,,Groundout,field_out,,True,1B,1,False,False,False,False,
777960,29,6,d8e74d2e-290b-371e-a075-0c6d5ff43a0c,608070,José Ramírez,,,1B,Single,single,,False,,,False,False,False,False,
777960,30,3,b63c6466-59be-3707-8921-6cd9d81225ce,608070,José Ramírez,1B,1B,2B,Stolen Base 2B,stolen_base_2b,r_stolen_base_2b,False,,,False,False,False,False,
777960,30,7,d00e1934-72cc-36cf-a03b-6b225984e541,608070,José Ramírez,2B,2B,3B,Stolen Base 3B,stolen_base_3b,r_stolen_base_3b,False,,,False,False,False,False,
777960,30,8,86331aaa-1cb9-36a9-b69f-0a1fd8e2f7ad,467793,Carlos Santana,,,1B,Walk,walk,,False,,,False,False,False,False,
777960,31,4,972f06c9-7b3b-3f57-9e62-f1c660fcdd55,700932,Kyle Manzardo,,,,Strikeout,strikeout,,True,1B,2,False,False,False,False,
777960,32,3,a0836cab-1467-3135-80b6-4ab8871d2a95,467793,Carlos Santana,1B,1B,2B,Walk,walk,r_adv_force,False,,,False,False,False,False,
777960,32,3,a0836cab-1467-3135-80b6-4ab8871d2a95,666310,Bo Naylor,,,1B,Walk,walk,,False,,,False,False,False,False,
777960,33,0,8a8df48a-dc10-3b16-8a72-d9d8dff31b87,672356,Gabriel Arias,,,2B,Double,double,,False,,,False,False,False,False,
777960,33,0,8a8df48a-dc10-3b16-8a72-d9d8dff31b87,666310,Bo Naylor,1B,1B,3B,Double,double,r_adv_force,False,,,False,False,False,False,
777960,33,0,8a8df48a-dc10-3b16-8a72-d9d8dff31b87,666310,Bo Naylor,1B,3B,score,Double,double,r_adv_play,False,,,True,True,True,False,642547
777960,33,0,8a8df48a-dc10-3b16-8a72-d9d8dff31b87,608070,José Ramírez,3B,3B,score,Double,double,r_adv_force,False,,,True,True,True,False,642547
777960,33,0,8a8df48a-dc10-3b16-8a72-d9d8dff31b87,467793,Carlos Santana,2B,2B,score,Double,double,r_adv_force,False,,,True,True,True,False,642547
777960,34,0,73a1579f-bd30-3d64-9ca6-d8af704377bd,666134,Nolan Jones,,,,Groundout,field_out,,True,1B,3,False,False,False,False,
777960,35,3,f6b63601-abd8-3424-b235-97acdc0ae88b,686217,Sal Frelick,,,1B,Single,single,,False,,,False,False,False,False,
777960,36,1,bf442a98-34ea-3bb1-bd6c-2684da924199,694192,Jackson Chourio,,,,Lineout,field_out,,True,1B,1,False,False,False,False,
777960,37,4,1d668be7-f4e6-33e7-a896-ab38a025d196,686217,Sal Frelick,1B,1B,2B,Stolen Base 2B,stolen_base_2b,r_stolen_base_2b,False,,,False,False,False,False,
777960,37,6,55aaec50-1c87-3c92-b5ef-6db59af10af2,592885,Christian Yelich,,,1B,Walk,walk,,False,,,False,False,False,False,
777960,38,3,bfbcafde-fd57-3e0f-a177-da8805f0675a,592885,Christian Yelich,1B,1B,,Grounded Into DP,grounded_into_double_play,r_force_out,True,2B,2,False,False,False,False,
777960,38,3,bfbcafde-fd57-3e0f-a177-da8805f0675a,661388,William Contreras,,,,Grounded Into DP,grounded_into_double_play,,True,1B,3,False,False,False,False,
777960,39,3,0c453d4c-e774-3dde-b06d-1a486763d163,686823,Will Brennan,,,,Groundout,field_out,,True,1B,1,False,False,False,False,
777960,40,1,1ae44666-bb62-32cf-8957-aa9b18581e7d,680757,Steven Kwan,,,,Groundout,field_out,,True,1B,2,False,False,False,False,
777960,41,4,de96c1e9-2ce2-36eb-9929-e74f728634ca,682177,Daniel Schneemann,,,,Strikeout,strikeout,,True,1B,3,False,False,False,False,
777960,42,8,6b457ee7-f3db-38e2-837d-cf89755bd1fa,668930,Brice Turang,,,,Strikeout,strikeout,,True,1B,1,False,False,False,False,
777960,43,1,8e8be594-8302-3fc1-a9ab-93c056dc9f67,656555,Rhys Hoskins,,,,Flyout,field_out,,True,1B,2,False,False,False,False,
777960,44,0,664a9109-5e15-34d6-931e-10d6b7e323e6,641343,Jake Bauers,,,1B,Single,single,,False,,,False,False,False,False,
777960,45,5,a081c0a4-ba85-3aea-9616-65679638457a,641343,Jake Bauers,1B,1B,2B,Walk,walk,r_adv_force,False,,,False,False,False,False,
777960,45,5,a081c0a4-ba85-3aea-9616-65679638457a,655316,Andruw Monasterio,,,1B,Walk,walk,,False,,,False,False,False,False,
777960,46,1,9d866eb2-66fe-3dfe-a246-c7aafb908626,702332,Caleb Durbin,,,,Pop Out,field_out,,True,1B,3,False,False,False,False,
777960,47,9,c05ca0e2-552c-322e-aa5c-633884bdb618,608070,José Ramírez,,,1B,Walk,walk,,False,,,False,False,False,False,
777960,48,4,70de1b3d-4052-3f7a-932c-f4265a6dd501,608070,José Ramírez,1B,1B,2B,Wild Pitch,wild_pitch,r_adv_play,False,,,False,False,False,False,
777960,48,5,ac5b27fd-17ac-3155-9055-20cf7778e638,467793,Carlos Santana,,,,Strikeout,strikeout,,True,1B,1,False,False,False,False,
777960,49,3,2cf46cf2-8565-32fd-b94e-a6d20b2b287b,608070,José Ramírez,2B,2B,3B,Stolen Base 3B,stolen_base_3b,r_stolen_base_3b,False,,,False,False,False,False,
777960,49,6,b1c8e69c-df7c-3cfd-a5dc-404b3e5c7016,700932,Kyle Manzardo,,,1B,Single,single,,False,,,False,False,False,False,
777960,49,6,b1c8e69c-df7c-3cfd-a5dc-404b3e5c7016,608070,José Ramírez,3B,3B,score,Single,single,r_adv_play,False,,,True,True,True,False,642547
777960,50,8,3df7e92c-4d3e-3baf-94fd-ce6ab6fd335f,666310,Bo Naylor,,,,Strikeout,strikeout,,True,1B,2,False,False,False,False,
777960,51,7,a0cb6adf-a1d4-34c2-a84c-1da14e25cb88,672356,Gabriel Arias,,,,Strikeout,strikeout,,True,1B,3,False,False,False,False,
777960,52,1,87016f2c-19c3-3ea0-8e75-01d21ade0f5a,686217,Sal Frelick,,,,Pop Out,field_out,,True,1B,1,False,False,False,False,
777960,53,3,f8667347-8aec-3561-8794-0fae45e3c871,694192,Jackson Chourio,,,1B,Single,single,,False,,,False,False,False,False,
777960,54,3,0aefcf9a-38f2-3f00-b4d2-4dea418255d8,592885,Christian Yelich,,,,Strikeout,strikeout,,True,1B,2,False,False,False,False,
777960,55,1,32a17ee6-5b64-3c3f-9d08-7609985f903b,694192,Jackson Chourio,1B,1B,2B,Stolen Base 2B,stolen_base_2b,r_stolen_base_2b,False,,,False,False,False,False,
777960,55,4,256bcc49-140e-3f40-8813-70f28e5cef0b,661388,William Contreras,,,,Strikeout,strikeout,,True,1B,3,False,False,False,False,
777960,56,9,3daa4771-ee7b-3464-8ff5-bbf3ff47bc20,682657,Angel Martínez,,,1B,Walk,walk,,False,,,False,False,False,False,
777960,57,5,f47cb1cc-86ce-3186-9f82-645fc5f2e66b,678877,Jhonkensy Noel,,,,Strikeout,strikeout,,True,1B,1,False,False,False,False,
777960,58,4,91b0dcf9-4d1e-3f7b-a2ff-9c74e16baa36,680757,Steven Kwan,,,1B,Single,single,,False,,,False,False,False,False,
777960,58,4,91b0dcf9-4d1e-3f7b-a2ff-9c74e16baa36,682657,Angel Martínez,1B,1B,2B,Single,single,r_adv_force,False,,,False,False,False,False,
777960,59,4,3a97d0cb-304b-349f-8b0c-985dbad6945d,682657,Angel Martínez,2B,2B,3B,Stolen Base 3B,stolen_base_3b,r_stolen_base_3b,False,,,False,False,False,False,
777960,59,4,3a97d0cb-304b-349f-8b0c-985dbad6945d,680757,Steven Kwan,1B,1B,2B,Stolen Base 2B,stolen_base_2b,r_stolen_base_2b,False,,,False,False,False,False,
777960,59,8,b0039a69-49cf-3f2b-a9c8-3879f4354599,669717,Will Wilson,,,,Strikeout,strikeout,,True,1B,2,False,False,False,False,
777960,60,3,07779606-0616-1033-000c-f08cd117d70a,608070,José Ramírez,,,1B,Intent Walk,intent_walk,,False,,,False,False,False,False,
777960,61,5,f77d6798-abfe-3fbe-82c7-b7f87268c5ac,682657,Angel Martínez,3B,3B,score,Walk,walk,r_adv_force,False,,,True,True,True,False,663542
777960,61,5,f77d6798-abfe-3fbe-82c7-b7f87268c5ac,680757,Steven Kwan,2B,2B,3B,Walk,walk,r_adv_force,False,,,False,False,False,False,
777960,61,5,f77d6798-abfe-3fbe-82c7-b7f87268c5ac,608070,José Ramírez,1B,1B,2B,Walk,walk,r_adv_force,False,,,False,False,False,False,
777960,61,5,f77d6798-abfe-3fbe-82c7-b7f87268c5ac,467793,Carlos Santana,,,1B,Walk,walk,,False,,,False,False,False,False,
777960,62,6,c53ebc18-a85d-3f0a-adf1-3bbccb72a3f4,700932,Kyle Manzardo,,,,Groundout,field_out,,True,1B,3,False,False,False,False,
777960,63,10,2756a591-89d3-35a6-abec-f10d0497ef68,668930,Brice Turang,,,1B,Single,single,,False,,,False,False,False,False,
777960,64,4,6517b7cc-16c4-3435-b7eb-588716a1b981,656555,Rhys Hoskins,,,,Strikeout,strikeout,,True,1B,1,False,False,False,False,
777960,65,4,724dfa50-ec41-3b85-8997-8060ad8ab6db,641343,Jake Bauers,,,,Strikeout,strikeout,,True,1B,2,False,False,False,False,
777960,66,2,7e37a1aa-4524-37ae-8f3d-cc18c32f9a97,668930,Brice Turang,1B,1B,,Forceout,force_out,r_force_out,True,2B,3,False,False,False,False,
777960,66,2,7e37a1aa-4524-37ae-8f3d-cc18c32f9a97,655316,Andruw Monasterio,,,1B,Forceout,force_out,,False,,,False,False,False,False,
777960,67,4,bc413260-e624-327a-b0ee-dc64e607a9b7,666310,Bo Naylor,,,,Strikeout,strikeout,,True,1B,1,False,False,False,False,
777960,68,2,3008901c-10f1-3324-a986-e1df190c8b12,672356,Gabriel Arias,,,1B,Single,single,,False,,,False,False,False,False,
777960,69,7,8d3717db-950a-3421-9d1a-d04af4f5067a,682657,Angel Martínez,,,,Strikeout,strikeout,,True,1B,2,False,False,False,False,
777960,70,4,ce28f5fe-35fb-380e-be41-81ac0caed10a,678877,Jhonkensy Noel,,,,Groundout,field_out,,True,1B,3,False,False,False,False,
777960,71,7,0c260390-c067-36b3-bddc-4de34f89c1f0,686555,Isaac Collins,,,,Strikeout,strikeout,,True,1B,1,False,False,False,False,
777960,72,10,07da6a89-b977-334b-87e9-ebc38244e9d9,686217,Sal Frelick,,,,Strikeout,strikeout,,True,1B,2,False,False,False,False,
777960,73,4,0687ddce-78a3-3717-a416-f6d73b8004c6,694192,Jackson Chourio,,,,Groundout,field_out,,True,1B,3,False,False,False,False,
777951,0,8,d9b002b4-a101-3715-9aa3-7cb693148608,680776,Jarren Duran,,,,Strikeout,strikeout,,True,1B,1,False,False,False,False,
777951,1,4,acd3e0fd-f7a4-3f44-b9a3-2ee9c294cd8a,646240,Rafael Devers,,,1B,Single,single,,False,,,False,False,False,False,
777951,2,0,ba1729cb-d587-3e99-a924-6c4db5508e2d,608324,Alex Bregman,,,,Lineout,field_out,,True,1B,2,False,False,False,False,
777951,3,5,d3126e75-00f4-3d15-8f1a-1b55de5c897a,692225,Kristian Campbell,,,,Strikeout,strikeout,,True,1B,3,False,False,False,False,
777951,4,3,a51f3250-0a1a-33be-b151-bc23c2d8245a,681481,Kerry Carpenter,,,1B,Single,single,,False,,,False,False,False,False,
777951,5,0,68cc346b-6eb4-38f6-a358-0331349eaa49,650402,Gleyber Torres,,,score,Home Run,home_run,,False,,,True,True,True,False,656557
777951,5,0,68cc346b-6eb4-38f6-a358-0331349eaa49,681481,Kerry Carpenter,1B,1B,score,Home Run,home_run,r_adv_force,False,,,True,True,True,False,656557
777951,6,3,2cdc9575-c487-3308-8570-d28fb7aa8db6,690993,Colt Keith,,,,Groundout,field_out,,True,1B,1,False,False,False,False,
777951,7,3,f398edb9-ab68-3ffd-86ab-e96f5aa10b06,682985,Riley Greene,,,1B,Single,single,,False,,,False,False,False,False,
777951,8,8,069c06ce-f107-3d02-8e18-e7ab2b802f2f,679529,Spencer Torkelson,,,,Lineout,field_out,,True,1B,2,False,False,False,False,
777951,9,2,1336e6ae-231a-3d0b-93b1-c730dfd47ebd,656716,Zach McKinstry,,,,Lineout,field_out,,True,1B,3,False,False,False,False,
777951,10,5,1b6eeeaf-6f9d-364e-8829-3b6c15658c49,677800,Wilyer Abreu,,,,Flyout,field_out,,True,1B,1,False,False,False,False,
777951,11,2,600584b1-d8f8-312e-98e3-2a4495351e6a,596115,Trevor Story,,,1B,Hit By Pitch,hit_by_pitch,,False,,,False,False,False,False,
777951,12,2,0cf025a9-f829-3845-b444-b80ff4034118,596115,Trevor Story,1B,1B,,Forceout,force_out,r_force_out,True,2B,2,False,False,False,False,
777951,12,2,0cf025a9-f829-3845-b444-b80ff4034118,647351,Abraham Toro,,,1B,Forceout,force_out,,False,,,False,False,False,False,
777951,13,5,20f857c1-6d49-35f3-a27d-71adbda6f675,657136,Connor Wong,,,,Strikeout,strikeout,,True,1B,3,False,False,False,False,
777951,14,2,58daeb40-74e4-3c57-965f-633d59acede9,693307,Dillon Dingler,,,,Groundout,field_out,,True,1B,1,False,False,False,False,
777951,15,0,711e8761-e6f8-3331-8b17-b1d857dae457,700242,Trey Sweeney,,,,Groundout,field_out,,True,1B,2,False,False,False,False,
777951,16,1,bb3add93-92df-3a09-ae30-4e6043078924,595879,Javier Báez,,,,Groundout,field_out,,True,1B,3,False,False,False,False,
777951,17,4,36432fdd-3e75-3dbf-8b13-a77dcabd0f13,678882,Ceddanne Rafaela,,,1B,Single,single,,False,,,False,False,False,False,
777951,18,0,97de86b3-0a81-3686-90d8-f886098be1ed,678882,Ceddanne Rafaela,1B,1B,,Forceout,force_out,r_force_out,True,2B,1,False,False,False,False,
777951,18,0,97de86b3-0a81-3686-90d8-f886098be1ed,680776,Jarren Duran,,,1B,Forceout,force_out,,False,,,False,False,False,False,
777951,19,7,2e8bf151-ffb1-3c64-99cc-b860ed5ceacb,680776,Jarren Duran,1B,1B,2B,Walk,walk,r_adv_force,False,,,False,False,False,False,
777951,19,7,2e8bf151-ffb1-3c64-99cc-b860ed5ceacb,646240,Rafael Devers,,,1B,Walk,walk,,False,,,False,False,False,False,
777951,20,5,67aeacd0-c046-3585-b1f9-de3879502edd,680776,Jarren Duran,2B,2B,3B,Walk,walk,r_adv_force,False,,,False,False,False,False,
777951,20,5,67aeacd0-c046-3585-b1f9-de3879502edd,646240,Rafael Devers,1B,1B,2B,Walk,walk,r_adv_force,False,,,False,False,False,False,
777951,20,5,67aeacd0-c046-3585-b1f9-de3879502edd,608324,Alex Bregman,,,1B,Walk,walk,,False,,,False,False,False,False,
777951,21,4,fa7b8c1d-0f37-3fea-b3bc-6a90b7b3ca73,692225,Kristian Campbell,,,,Lineout,field_out,,True,1B,2,False,False,False,False,
777951,22,0,d3521ab1-5c4d-38ec-9ce8-9aaf605e8dd2,677800,Wilyer Abreu,,,,Groundout,field_out,,True,1B,3,False,False,False,False,
777951,23,5,2ec91ef0-0c12-3b1e-9d68-da1d0e2bc92d,681481,Kerry Carpenter,,,2B,Double,double,,False,,,False,False,False,False,
777951,24,4,1ea0bb4d-1665-3b86-b4c4-a13806062264,650402,Gleyber Torres,,,1B,Walk,walk,,False,,,False,False,False,False,
777951,25,6,1a03ed69-5967-32c7-a762-7fc59942f6a3,681481,Kerry Carpenter,2B,2B,3B,Walk,walk,r_adv_force,False,,,False,False,False,False,
777951,25,6,1a03ed69-5967-32c7-a762-7fc59942f6a3,650402,Gleyber Torres,1B,1B,2B,Walk,walk,r_adv_force,False,,,False,False,False,False,
777951,25,6,1a03ed69-5967-32c7-a762-7fc59942f6a3,690993,Colt Keith,,,1B,Walk,walk,,False,,,False,False,False,False,
777951,26,2,57b8f09f-6e7c-3608-81ff-53dd360ae87f,681481,Kerry Carpenter,3B,3B,score,Wild Pitch,wild_pitch,r_adv_play,False,,,True,False,True,False,656557
777951,26,2,57b8f09f-6e7c-3608-81ff-53dd360ae87f,650402,Gleyber Torres,2B,2B,3B,Wild Pitch,wild_pitch,r_adv_play,False,,,False,False,False,False,
777951,26,2,57b8f09f-6e7c-3608-81ff-53dd360ae87f,690993,Colt Keith,1B,1B,2B,Wild Pitch,wild_pitch,r_adv_play,False,,,False,False,False,False,
777951,26,6,ce28fe07-73f7-3979-88ef-395a24a2055f,682985,Riley Greene,,,1B,Single,single,,False,,,False,False,False,False,
777951,26,6,ce28fe07-73f7-3979-88ef-395a24a2055f,682985,Riley Greene,,1B,2B,Error,error,r_adv_play,False,,,False,False,False,False,
777951,26,6,ce28fe07-73f7-3979-88ef-395a24a2055f,682985,Riley Greene,,2B,score,Error,error,r_adv_play,False,,,True,False,True,False,656557
777951,26,6,ce28fe07-73f7-3979-88ef-395a24a2055f,690993,Colt Keith,2B,2B,score,Error,error,r_adv_play,False,,,True,True,True,False,656557
777951,26,6,ce28fe07-73f7-3979-88ef-395a24a2055f,650402,Gleyber Torres,3B,3B,score,Error,error,r_adv_play,False,,,True,True,True,False,656557
777951,27,2,0bfb238a-30c3-3c27-ab62-5df1ee7a3fb6,679529,Spencer Torkelson,,,,Pop Out,field_out,,True,1B,1,False,False,False,False,
777951,28,1,6640d022-2ff6-3e09-ba36-52057f5095bb,656716,Zach McKinstry,,,1B,Single,single,,False,,,False,False,False,False,
777951,29,0,71c681e3-4809-3824-ad1c-9bf0c8138202,656716,Zach McKinstry,1B,1B,2B,Hit By Pitch,hit_by_pitch,r_adv_force,False,,,False,False,False,False,
777951,29,0,71c681e3-4809-3824-ad1c-9bf0c8138202,693307,Dillon Dingler,,,1B,Hit By Pitch,hit_by_pitch,,False,,,False,False,False,False,
777951,30,1,368cefc9-5c6a-3ad0-bc3d-75544c3f498c,700242,Trey Sweeney,,,score,Home Run,home_run,,False,,,True,True,True,False,656557
777951,30,1,368cefc9-5c6a-3ad0-bc3d-75544c3f498c,656716,Zach McKinstry,2B,2B,score,Home Run,home_run,r_adv_force,False,,,True,True,True,False,656557
777951,30,1,368cefc9-5c6a-3ad0-bc3d-75544c3f498c,693307,Dillon Dingler,1B,1B,score,Home Run,home_run,r_adv_force,False,,,True,True,True,False,656557
777951,31,3,7474b72a-32f5-38eb-a48f-732029adf1a8,595879,Javier Báez,,,1B,Single,single,,False,,,False,False,False,False,
777951,32,4,95fd2468-5297-3d1e-b6cc-eb05b0362423,595879,Javier Báez,1B,1B,2B,Walk,walk,r_adv_force,False,,,False,False,False,False,
777951,32,4,95fd2468-5297-3d1e-b6cc-eb05b0362423,681481,Kerry Carpenter,,,1B,Walk,walk,,False,,,False,False,False,False,
777951,33,3,35e0379e-2edd-3983-95e6-3b85e8ec8fe5,650402,Gleyber Torres,,,1B,Single,single,,False,,,False,False,False,False,
777951,33,3,35e0379e-2edd-3983-95e6-3b85e8ec8fe5,595879,Javier Báez,2B,2B,3B,Single,single,r_adv_force,False,,,False,False,False,False,
777951,33,3,35e0379e-2edd-3983-95e6-3b85e8ec8fe5,595879,Javier Báez,2B,3B,score,Single,single,r_adv_play,False,,,True,True,True,False,656557
777951,33,3,35e0379e-2edd-3983-95e6-3b85e8ec8fe5,681481,Kerry Carpenter,1B,1B,2B,Single,single,r_adv_force,False,,,False,False,False,False,
777951,33,3,35e0379e-2edd-3983-95e6-3b85e8ec8fe5,681481,Kerry Carpenter,1B,2B,3B,Single,single,r_adv_play,False,,,False,False,False,False,
777951,34,8,48d8b505-8e24-3d85-91c1-a8b4bc26c7e0,669234,Justyn-Henry Malloy,,,1B,Single,single,,False,,,False,False,False,False,
777951,34,8,48d8b505-8e24-3d85-91c1-a8b4bc26c7e0,681481,Kerry Carpenter,3B,3B,score,Single,single,r_adv_play,False,,,True,True,True,False,656557
777951,34,8,48d8b505-8e24-3d85-91c1-a8b4bc26c7e0,650402,Gleyber Torres,1B,1B,2B,Single,single,r_adv_force,False,,,False,False,False,False,
777951,35,2,695d8c88-82f6-3a16-b6ac-591438d46591,669234,Justyn-Henry Malloy,1B,1B,,Forceout,force_out,r_force_out,True,2B,2,False,False,False,False,
777951,35,2,695d8c88-82f6-3a16-b6ac-591438d46591,650402,Gleyber Torres,2B,2B,3B,Forceout,force_out,r_adv_play,False,,,False,False,False,False,
777951,35,2,695d8c88-82f6-3a16-b6ac-591438d46591,682985,Riley Greene,,,1B,Forceout,force_out,,False,,,False,False,False,False,
777951,36,3,e8ca2918-d47d-3269-bbd1-bb1818977d15,679529,Spencer Torkelson,,,,Flyout,field_out,,True,1B,3,False,False,False,False,
777951,37,4,424e9ff8-788c-35c4-b442-c2679b8341fb,596115,Trevor Story,,,,Strikeout,strikeout,,True,1B,1,False,False,False,False,
777951,38,5,17f4116c-872d-391e-bac3-8be33949bdea,647351,Abraham Toro,,,,Flyout,field_out,,True,1B,2,False,False,False,False,
777951,39,1,b6082b17-7030-39e4-a386-110cdab5e1ac,657136,Connor Wong,,,,Groundout,field_out,,True,1B,3,False,False,False,False,
777951,40,3,942754fa-d5cd-3890-a22d-a23683a3553c,656716,Zach McKinstry,,,1B,Single,single,,False,,,False,False,False,False,
777951,41,3,6e717b4d-a2ba-32f6-a369-856edba17a1c,693307,Dillon Dingler,,,,Flyout,field_out,,True,1B,1,False,False,False,False,
777951,42,2,d987cd4e-3c3f-359a-baa6-1b62f40a4c6e,700242,Trey Sweeney,,,1B,Single,single,,False,,,False,False,False,False,
777951,42,2,d987cd4e-3c3f-359a-baa6-1b62f40a4c6e,656716,Zach McKinstry,1B,1B,2B,Single,single,r_adv_force,False,,,False,False,False,False,
777951,42,2,d987cd4e-3c3f-359a-baa6-1b62f40a4c6e,656716,Zach McKinstry,1B,2B,3B,Single,single,r_adv_play,False,,,False,False,False,False,
777951,43,3,c0d3a5b1-6322-3d40-9d77-c05aa01b1662,595879,Javier Báez,,,1B,Single,single,,False,,,False,False,False,False,
777951,43,3,c0d3a5b1-6322-3d40-9d77-c05aa01b1662,656716,Zach McKinstry,3B,3B,score,Single,single,r_adv_play,False,,,True,True,True,False,656794
777951,43,3,c0d3a5b1-6322-3d40-9d77-c05aa01b1662,700242,Trey Sweeney,1B,1B,2B,Single,single,r_adv_force,False,,,False,False,False,False,
777951,44,6,06b78abb-f7fb-354e-bff9-7ccd9a272078,681481,Kerry Carpenter,,,,Flyout,field_out,,True,1B,2,False,False,False,False,
777951,45,2,32f57258-9c25-3ebc-b626-85076f5309f9,650402,Gleyber Torres,,,1B,Single,single,,False,,,False,False,False,False,
777951,45,2,32f57258-9c25-3ebc-b626-85076f5309f9,700242,Trey Sweeney,2B,2B,3B,Single,single,r_adv_force,False,,,False,False,False,False,
777951,45,2,32f57258-9c25-3ebc-b626-85076f5309f9,595879,Javier Báez,1B,1B,2B,Single,single,r_adv_force,False,,,False,False,False,False,
777951,46,2,7775b6fe-432c-3ab5-9963-63f24ecfead9,669234,Justyn-Henry Malloy,,,,Flyout,field_out,,True,1B,3,False,False,False,False,
777951,47,1,85a1df8a-8499-3a86-93eb-740563577efe,678882,Ceddanne Rafaela,,,,Lineout,field_out,,True,1B,1,False,False,False,False,
777951,48,3,d6c4c413-2506-3b53-8fb5-7a1a6c075160,680776,Jarren Duran,,,,Strikeout,strikeout,,True,1B,2,False,False,False,False,
777951,49,5,bc465198-341f-3cbd-ab27-cc7adae2775a,646240,Rafael Devers,,,1B,Walk,walk,,False,,,False,False,False,False,
777951,50,5,0d7097ca-ba9c-3703-8cf9-971a98619963,646240,Rafael Devers,1B,1B,2B,Walk,walk,r_adv_force,False,,,False,False,False,False,
777951,50,5,0d7097ca-ba9c-3703-8cf9-971a98619963,608324,Alex Bregman,,,1B,Walk,walk,,False,,,False,False,False,False,
777951,51,3,3f7b2731-5ee2-3ff4-8425-70217de431dd,692225,Kristian Campbell,,,,Strikeout,strikeout,,True,1B,3,False,False,False,False,
777951,52,7,c04db1e6-6816-3a34-8bec-143bb0697a50,682985,Riley Greene,,,,Groundout,field_out,,True,1B,1,False,False,False,False,
777951,53,4,a9aaea47-0ace-3329-a505-eba98afcbe10,679529,Spencer Torkelson,,,,Strikeout,strikeout,,True,1B,2,False,False,False,False,
777951,54,0,f247e2c7-279f-3537-adb3-b64658b523fb,656716,Zach McKinstry,,,,Lineout,field_out,,True,1B,3,False,False,False,False,
777951,55,4,10f393bb-d361-3b94-a2be-8eb3205d2ed6,677800,Wilyer Abreu,,,score,Home Run,home_run,,False,,,True,True,True,False,695549
777951,56,0,00b4a2f7-f8d1-38b4-ac68-b56a8c7a7224,596115,Trevor Story,,,,Groundout,field_out,,True,1B,1,False,False,False,False,
777951,57,7,268a1c67-f672-3b22-88f5-a6c8fc69006a,647351,Abraham Toro,,,,Strikeout,strikeout,,True,1B,2,False,False,False,False,
777951,58,6,a0b387b4-c986-3427-a629-8b7b4b84e7bd,657136,Connor Wong,,,1B,Walk,walk,,False,,,False,False,False,False,
777951,59,5,ca9260f7-5727-37b3-8721-f410a4ccbb33,678882,Ceddanne Rafaela,,,,Flyout,field_out,,True,1B,3,False,False,False,False,
777951,60,4,3a780f6f-4bb8-3c29-b3a0-c007d1eeffb0,693307,Dillon Dingler,,,2B,Double,double,,False,,,False,False,False,False,
777951,61,5,80a82e0a-c525-3119-9179-a4536c4b1632,700242,Trey Sweeney,,,,Strikeout,strikeout,,True,1B,1,False,False,False,False,
777951,62,3,145019d7-ac29-3c2f-b5d3-60a65634615d,595879,Javier Báez,,,1B,Single,single,,False,,,False,False,False,False,
777951,62,3,145019d7-ac29-3c2f-b5d3-60a65634615d,693307,Dillon Dingler,2B,2B,score,Single,single,r_adv_play,False,,,True,True,True,False,656794
777951,63,0,0cae3400-5215-3da9-a416-998711ec49a5,681481,Kerry Carpenter,,,,Flyout,field_out,,True,1B,2,False,False,False,False,
777951,64,3,1d7b0fbd-fff0-3e43-8eea-d3e959331c80,628451,Andy Ibáñez,,,,Strikeout,strikeout,,True,1B,3,False,False,False,False,
777951,65,1,2d8bae88-e238-385d-af68-c97b7ebc5e0a,666152,David Hamilton,,,1B,Single,single,,False,,,False,False,False,False,
777951,66,2,53ad4ad4-da68-3d2f-8871-793f0651a651,666152,David Hamilton,1B,1B,,Grounded Into DP,grounded_into_double_play,r_force_out,True,2B,1,False,False,False,False,
777951,66,2,53ad4ad4-da68-3d2f-8871-793f0651a651,665966,Carlos Narváez,,,,Grounded Into DP,grounded_into_double_play,,True,1B,2,False,False,False,False,
777951,67,3,2a886a47-4333-3e4a-9ea4-0cd18b1719e4,686765,Nick Sogard,,,,Strikeout,strikeout,,True,1B,3,False,False,False,False,
777951,68,3,a8b540c4-bb57-3e20-814b-02e5cffdc897,669234,Justyn-Henry Malloy,,,1B,Single,single,,False,,,False,False,False,False,
777951,69,3,eae7f509-3346-3615-9495-4e6af284dbb6,690291,Jace Jung,,,,Groundout,field_out,,True,1B,1,False,False,False,False,
777951,69,3,eae7f509-3346-3615-9495-4e6af284dbb6,669234,Justyn-Henry Malloy,1B,1B,2B,Groundout,field_out,r_adv_force,False,,,False,False,False,False,
777951,70,1,e64b0bef-c4c7-3d47-b024-01793f9f9070,679529,Spencer Torkelson,,,,Flyout,field_out,,True,1B,2,False,False,False,False,
777951,70,1,e64b0bef-c4c7-3d47-b024-01793f9f9070,669234,Justyn-Henry Malloy,2B,2B,3B,Flyout,field_out,r_adv_play,False,,,False,False,False,False,
777951,71,6,108e172c-7aca-3c45-88a7-f88f76101900,656716,Zach McKinstry,,,1B,Field Error,field_error,,False,,,False,False,False,False,
777951,71,6,108e172c-7aca-3c45-88a7-f88f76101900,669234,Justyn-Henry Malloy,3B,3B,score,Field Error,field_error,r_adv_play,False,,,True,False,False,True,656794
777951,72,1,0248f586-9097-397e-9ef9-571afaab94a6,656716,Zach McKinstry,1B,1B,,Forceout,force_out,r_force_out,True,2B,3,False,False,False,False,
777951,72,1,0248f586-9097-397e-9ef9-571afaab94a6,693307,Dillon Dingler,,,1B,Forceout,force_out,,False,,,False,False,False,False,
777951,73,5,d8025982-d7d2-38b5-9cbe-5385524b232f,692225,Kristian Campbell,,,,Groundout,field_out,,True,1B,1,False,False,False,False,
777951,74,4,96dddf4a-d5fd-393e-af7f-e81805480c4b,677800,Wilyer Abreu,,,,Flyout,field_out,,True,1B,2,False,False,False,False,
777951,75,7,b70d2c39-0d5d-398a-9d4c-959b8d63e0f6,596115,Trevor Story,,,,Strikeout,strikeout,,True,1B,3,False,False,False,False,
777951,76,1,c14870ee-5393-36e4-af69-2d872e44fa6c,700242,Trey Sweeney,,,1B,Single,single,,False,,,False,False,False,False,
777951,77,3,61db54ce-1224-30e1-aaa3-6a547f049718,595879,Javier Báez,,,,Strikeout,strikeout,,True,1B,1,False,False,False,False,
777951,78,1,e1db76bf-2cb7-3adc-ae53-56361947f4b1,700242,Trey Sweeney,1B,1B,,Forceout,force_out,r_force_out,True,2B,2,False,False,False,False,
777951,78,1,e1db76bf-2cb7-3adc-ae53-56361947f4b1,681481,Kerry Carpenter,,,1B,Forceout,force_out,,False,,,False,False,False,False,
777951,79,2,f23ebd54-0a8a-39fc-ae3b-c29e06ea3a13,628451,Andy Ibáñez,,,,Flyout,field_out,,True,1B,3,False,False,False,False,
777951,80,2,c7e8adf9-9d9c-37aa-a8d7-a9d5026b3f9c,647351,Abraham Toro,,,score,Home Run,home_run,,False,,,True,True,True,False,605154
777951,81,1,183b80af-6be5-3f47-8cc8-1bfecd2135a4,657136,Connor Wong,,,,Pop Out,field_out,,True,1B,1,False,False,False,False,
777951,82,3,9a9b6607-0d79-3657-b8e9-6dd1eddec7c0,678882,Ceddanne Rafaela,,,,Flyout,field_out,,True,1B,2,False,False,False,False,
777951,83,3,9a77e3ee-9a99-38d8-8b49-57a05a4dd96a,666152,David Hamilton,,,1B,Single,single,,False,,,False,False,False,False,
777951,84,2,153ff63a-04ca-3dbd-b8e6-c0a7deca5399,665966,Carlos Narváez,,,,Flyout,field_out,,True,1B,3,False,False,False,False,
777953,0,6,4ced34c7-0c95-3471-a24f-fe32a556de6d,663457,Lars Nootbaar,,,,Lineout,field_out,,True,1B,1,False,False,False,False,
777953,1,6,c04c3d61-5208-3590-a798-1dbfd92bc794,691026,Masyn Winn,,,,Strikeout,strikeout,,True,1B,2,False,False,False,False,
777953,2,0,513421af-b6a2-315c-9dfb-c378459968c6,680977,Brendan Donovan,,,1B,Hit By Pitch,hit_by_pitch,,False,,,False,False,False,False,
777953,3,0,4ff1d6a8-e7d7-323d-be12-76de9db74e55,571448,Nolan Arenado,,,,Lineout,field_out,,True,1B,3,False,False,False,False,
777953,4,4,35040076-be7a-359c-85b8-4956e209e9f9,607208,Trea Turner,,,,Strikeout,strikeout,,True,1B,1,False,False,False,False,
777953,5,2,136eba84-324d-3727-99e1-5cea153ff341,547180,Bryce Harper,,,,Strikeout,strikeout,,True,1B,2,False,False,False,False,
777953,6,4,075b62bb-0c45-37fe-8aca-9698e7ef3be6,656941,Kyle Schwarber,,,,Groundout,field_out,,True,1B,3,False,False,False,False,
777953,7,1,b10e05ab-08a5-3a3a-8da2-8766bf90682c,575929,Willson Contreras,,,2B,Double,double,,False,,,False,False,False,False,
777953,8,6,e914db32-ccfd-3272-8cfd-99adc536e304,671056,Iván Herrera,,,,Strikeout,strikeout,,True,1B,1,False,False,False,False,
777953,9,5,71b319e5-6b5d-3776-92d5-613719ef7b6a,686780,Pedro Pagés,,,,Strikeout,strikeout,,True,1B,2,False,False,False,False,
777953,10,5,15f6dafb-4647-395f-9293-2f1259ffe412,691023,Jordan Walker,,,,Strikeout,strikeout,,True,1B,3,False,False,False,False,
777953,11,0,42248955-97c4-35d3-9177-479d2bd9d188,592206,Nick Castellanos,,,1B,Single,single,,False,,,False,False,False,False,
777953,12,1,512828e1-3da9-3dec-873a-0787bd083be3,592663,J.T. Realmuto,,,,Lineout,field_out,,True,1B,1,False,False,False,False,
777953,13,1,09bedca0-1336-39a9-9336-7817fbed2158,664761,Alec Bohm,,,,Lineout,field_out,,True,1B,2,False,False,False,False,
777953,14,5,7d2a8ad9-b267-3e3a-be4a-6f4824cd3055,624641,Edmundo Sosa,,,,Groundout,field_out,,True,1B,3,False,False,False,False,
777953,15,5,9adda392-dc13-3449-970e-d399f89cd8ff,676480,José Barrero,,,,Groundout,field_out,,True,1B,1,False,False,False,False,
777953,16,0,2b108091-431a-38d0-9897-c837e311491d,663457,Lars Nootbaar,,,1B,Single,single,,False,,,False,False,False,False,
777953,17,0,c7854399-01ae-3c40-add0-5fef5ab5bd0d,691026,Masyn Winn,,,,Lineout,field_out,,True,1B,2,False,False,False,False,
777953,18,2,4afa5271-3b7a-3dd5-aef1-f97e7d29bb60,680977,Brendan Donovan,,,,Strikeout,strikeout,,True,1B,3,False,False,False,False,
777953,19,4,7ad12fd4-5d1f-3196-8822-e77603460a58,642215,Weston Wilson,,,,Strikeout,strikeout,,True,1B,1,False,False,False,False,
777953,20,0,e8249025-8453-3969-810d-8c4b7993222b,679032,Johan Rojas,,,,Flyout,field_out,,True,1B,2,False,False,False,False,
777953,21,1,7f65709f-de13-3025-8a0c-be9ff08d26d8,607208,Trea Turner,,,1B,Single,single,,False,,,False,False,False,False,
777953,22,4,1d7d61c4-0aa6-3c7f-bfd0-452c01c2f563,607208,Trea Turner,1B,1B,2B,Walk,walk,r_adv_force,False,,,False,False,False,False,
777953,22,4,1d7d61c4-0aa6-3c7f-bfd0-452c01c2f563,547180,Bryce Harper,,,1B,Walk,walk,,False,,,False,False,False,False,
777953,23,0,23b2581e-a479-317c-81b8-5ea4faf258a1,656941,Kyle Schwarber,,,,Flyout,field_out,,True,1B,3,False,False,False,False,
777953,24,6,e95168f4-9802-324c-8ae5-98be156194b5,571448,Nolan Arenado,,,1B,Walk,walk,,False,,,False,False,False,False,
777953,25,2,a3bfa941-c314-3f0b-8375-4963ff8613b4,575929,Willson Contreras,,,,Flyout,field_out,,True,1B,1,False,False,False,False,
777953,25,2,a3bfa941-c314-3f0b-8375-4963ff8613b4,571448,Nolan Arenado,1B,1B,2B,Flyout,field_out,r_adv_play,False,,,False,False,False,False,
777953,26,9,d2754e43-ed54-3044-af0c-cb35522a7585,571448,Nolan Arenado,2B,2B,3B,Wild Pitch,wild_pitch,r_adv_play,False,,,False,False,False,False,
777953,26,9,d2754e43-ed54-3044-af0c-cb35522a7585,671056,Iván Herrera,,,1B,Walk,walk,,False,,,False,False,False,False,
777953,27,2,098b4bb5-34d2-3933-8487-25b71d180ad8,671056,Iván Herrera,1B,1B,,Forceout,force_out,r_force_out,True,2B,2,False,False,False,False,
777953,27,2,098b4bb5-34d2-3933-8487-25b71d180ad8,571448,Nolan Arenado,3B,3B,score,Forceout,force_out,r_adv_play,False,,,True,True,True,False,650911
777953,27,2,098b4bb5-34d2-3933-8487-25b71d180ad8,686780,Pedro Pagés,,,1B,Forceout,force_out,,False,,,False,False,False,False,
777953,28,4,12913703-2504-3819-aef2-ea9efdee56bb,691023,Jordan Walker,,,,Lineout,field_out,,True,1B,3,False,False,False,False,
777953,29,1,711700ca-cd26-3cb6-ab47-ba6dfe259b20,592206,Nick Castellanos,,,,Flyout,field_out,,True,1B,1,False,False,False,False,
777953,30,5,ee85cf83-d89b-3081-82e4-5d9a9ffb9d1d,592663,J.T. Realmuto,,,2B,Double,double,,False,,,False,False,False,False,
777953,31,6,12523998-860d-39c3-9c91-46ee19da147b,664761,Alec Bohm,,,,Groundout,field_out,,True,1B,2,False,False,False,False,
777953,31,6,12523998-860d-39c3-9c91-46ee19da147b,592663,J.T. Realmuto,2B,2B,3B,Groundout,field_out,r_adv_play,False,,,False,False,False,False,
777953,32,0,92371bc2-8274-30ae-ab56-1d76a19cf058,624641,Edmundo Sosa,,,1B,Single,single,,False,,,False,False,False,False,
777953,32,0,92371bc2-8274-30ae-ab56-1d76a19cf058,592663,J.T. Realmuto,3B,3B,score,Single,single,r_adv_play,False,,,True,True,True,False,669461
777953,33,0,c8a11473-e915-3d7e-91d5-b2a423517ec4,642215,Weston Wilson,,,,Flyout,field_out,,True,1B,3,False,False,False,False,
777953,34,3,1e2f8f61-6427-363d-834f-87bed2e6f03a,676480,José Barrero,,,,Groundout,field_out,,True,1B,1,False,False,False,False,
777953,35,2,f8e7a667-4268-3663-bc78-681c176da963,663457,Lars Nootbaar,,,1B,Single,single,,False,,,False,False,False,False,
777953,36,3,4d8f96d5-f105-3f57-a59b-30865b312f91,663457,Lars Nootbaar,1B,1B,2B,Walk,walk,r_adv_force,False,,,False,False,False,False,
777953,36,3,4d8f96d5-f105-3f57-a59b-30865b312f91,691026,Masyn Winn,,,1B,Walk,walk,,False,,,False,False,False,False,
777953,37,1,ee382bb1-4863-3272-bdc3-449478b93e99,680977,Brendan Donovan,,,,Groundout,field_out,,True,1B,2,False,False,False,False,
777953,37,1,ee382bb1-4863-3272-bdc3-449478b93e99,663457,Lars Nootbaar,2B,2B,3B,Groundout,field_out,r_adv_force,False,,,False,False,False,False,
777953,37,1,ee382bb1-4863-3272-bdc3-449478b93e99,691026,Masyn Winn,1B,1B,2B,Groundout,field_out,r_adv_force,False,,,False,False,False,False,
777953,38,0,35c5b129-3682-38d0-806e-7bc6f2472bea,571448,Nolan Arenado,,,,Flyout,field_out,,True,1B,3,False,False,False,False,
777953,39,6,15dad575-057c-34fc-9cf2-f7369fe89dbe,679032,Johan Rojas,,,,Flyout,field_out,,True,1B,1,False,False,False,False,
777953,40,3,8d2e46a5-692e-3fef-bda0-bec1c3cc9147,607208,Trea Turner,,,,Strikeout,strikeout,,True,1B,2,False,False,False,False,
777953,41,4,050172d5-bc32-3f96-b99a-e1f4c5d8e15f,547180,Bryce Harper,,,,Groundout,field_out,,True,1B,3,False,False,False,False,
777953,42,5,ffd197f5-9c0e-323d-8d55-32a974c0c3cf,575929,Willson Contreras,,,,Strikeout,strikeout,,True,1B,1,False,False,False,False,
777953,43,2,5703e953-b3d2-34e3-9bc5-f2ae80f3ae0a,671056,Iván Herrera,,,score,Home Run,home_run,,False,,,True,True,True,False,650911
777953,44,6,a0d53534-b046-31af-a0f4-cf0de548c78e,686780,Pedro Pagés,,,,Strikeout,strikeout,,True,1B,2,False,False,False,False,
777953,45,4,32087b1d-d87a-3b61-b09f-7777b4822fa2,691023,Jordan Walker,,,,Strikeout,strikeout,,True,1B,3,False,False,False,False,
777953,46,3,4cfbf830-a84b-3fae-a305-e51ef33edbfc,656941,Kyle Schwarber,,,1B,Single,single,,False,,,False,False,False,False,
777953,47,2,75085cff-f69d-371f-94c9-cf1a85028e0c,592206,Nick Castellanos,,,1B,Single,single,,False,,,False,False,False,False,
777953,47,2,75085cff-f69d-371f-94c9-cf1a85028e0c,656941,Kyle Schwarber,1B,1B,2B,Single,single,r_adv_force,False,,,False,False,False,False,
777953,47,2,75085cff-f69d-371f-94c9-cf1a85028e0c,656941,Kyle Schwarber,1B,2B,3B,Single,single,r_adv_play,False,,,False,False,False,False,
777953,48,3,886aa0e5-3554-3dc4-b317-f8049de3bad3,592206,Nick Castellanos,1B,1B,,Forceout,force_out,r_force_out,True,2B,1,False,False,False,False,
777953,48,3,886aa0e5-3554-3dc4-b317-f8049de3bad3,656941,Kyle Schwarber,3B,3B,score,Forceout,force_out,r_adv_play,False,,,True,True,True,False,669461
777953,48,3,886aa0e5-3554-3dc4-b317-f8049de3bad3,592663,J.T. Realmuto,,,1B,Forceout,force_out,,False,,,False,False,False,False,
777953,49,2,cacaed5e-299c-37ec-8f22-550aafd07dc9,664761,Alec Bohm,,,1B,Single,single,,False,,,False,False,False,False,
777953,49,2,cacaed5e-299c-37ec-8f22-550aafd07dc9,592663,J.T. Realmuto,1B,1B,2B,Single,single,r_adv_force,False,,,False,False,False,False,
777953,50,10,58f11e5d-4eec-39c9-ae7f-757a8c2e993c,681082,Bryson Stott,,,,Flyout,field_out,,True,1B,2,False,False,False,False,
777953,50,10,58f11e5d-4eec-39c9-ae7f-757a8c2e993c,592663,J.T. Realmuto,2B,2B,3B,Flyout,field_out,r_adv_play,False,,,False,False,False,False,
777953,51,5,c87b0560-fdb8-3e93-b6e4-049c3b4938f3,596146,Max Kepler,,,,Groundout,field_out,,True,1B,3,False,False,False,False,
777953,52,8,2938f614-71e6-3b7a-a093-fbb743d1f8aa,676480,José Barrero,,,,Strikeout,strikeout,,True,1B,1,False,False,False,False,
777953,53,2,8d8536cb-3cce-3994-bc07-cf19bc0004b2,663457,Lars Nootbaar,,,,Lineout,field_out,,True,1B,2,False,False,False,False,
777953,54,2,f591eaab-e18f-346c-9da8-333315d438d8,691026,Masyn Winn,,,score,Home Run,home_run,,False,,,True,True,True,False,621381
777953,55,1,a8ff8f5f-3265-3e07-a14e-6dd187970fe2,680977,Brendan Donovan,,,,Lineout,field_out,,True,1B,3,False,False,False,False,
777953,56,5,104e1a9f-1883-3b1c-a162-589dd023812a,669016,Brandon Marsh,,,,Strikeout,strikeout,,True,1B,1,False,False,False,False,
777953,57,1,48423bf8-0fb6-3697-bd98-1454bfac4c13,607208,Trea Turner,,,,Flyout,field_out,,True,1B,2,False,False,False,False,
777953,58,4,31d85199-d2d6-30c2-992b-d1d6b66ec642,547180,Bryce Harper,,,,Strikeout,strikeout,,True,1B,3,False,False,False,False,
777953,59,6,c20445c1-4a37-35b0-9457-e22a36e31493,571448,Nolan Arenado,,,,Pop Out,field_out,,True,1B,1,False,False,False,False,
777953,60,4,c9c2a628-0583-3e9d-b3e7-7550b04cf5f6,575929,Willson Contreras,,,,Strikeout,strikeout,,True,1B,2,False,False,False,False,
777953,61,4,caada4a3-ab7c-38ff-91f0-51e6e8d14c61,671056,Iván Herrera,,,,Groundout,field_out,,True,1B,3,False,False,False,False,
777953,62,7,5c1164d7-8a2a-39c5-b0ec-c3671c5a39f5,656941,Kyle Schwarber,,,,Groundout,field_out,,True,1B,1,False,False,False,False,
777953,63,1,c6753ccb-0be6-32e0-b2e7-7d9f9fbe5885,592206,Nick Castellanos,,,,Groundout,field_out,,True,1B,2,False,False,False,False,
777953,64,3,440e7d6f-668b-3f00-a3b1-21d316aa5c01,592663,J.T. Realmuto,,,1B,Single,single,,False,,,False,False,False,False,
777953,65,0,76edc151-43e2-3245-aad7-675372d6cc74,664761,Alec Bohm,,,1B,Single,single,,False,,,False,False,False,False,
777953,65,0,76edc151-43e2-3245-aad7-675372d6cc74,592663,J.T. Realmuto,1B,1B,2B,Single,single,r_adv_force,False,,,False,False,False,False,
777953,66,3,79683731-aeed-31a3-86b4-3acc0f871bcb,681082,Bryson Stott,,,,Flyout,field_out,,True,1B,3,False,False,False,False,
777953,67,5,da3d547a-6e47-3844-9566-bbd459c5b76d,686780,Pedro Pagés,,,,Groundout,field_out,,True,1B,1,False,False,False,False,
777953,68,2,885415f5-ea3a-3184-9a1c-792eb438e835,691023,Jordan Walker,,,,Flyout,field_out,,True,1B,2,False,False,False,False,
777953,69,3,be8830a3-cbd5-3fd2-a0d1-39c7d22c775e,687363,Victor Scott II,,,,Flyout,field_out,,True,1B,3,False,False,False,False,
777953,70,3,c6df7775-6692-3713-9359-636e1879a043,596146,Max Kepler,,,,Strikeout,strikeout,,True,1B,1,False,False,False,False,
777953,71,3,3e0a6a13-e53b-3bf0-8d04-c1982e2cbdf4,669016,Brandon Marsh,,,,Strikeout,strikeout,,True,1B,2,False,False,False,False,
777953,72,5,2308ddd1-70f8-37c3-a793-2dc35cf38898,607208,Trea Turner,,,,Lineout,field_out,,True,1B,3,False,False,False,False,
777950,0,6,13e6e42e-7405-32bd-bf48-657f970f51fd,663647,Ke'Bryan Hayes,,,,Lineout,field_out,,True,1B,1,False,False,False,False,
777950,1,0,67709ff1-de67-3022-91f6-6258bc2395ba,668804,Bryan Reynolds,,,,Groundout,field_out,,True,1B,2,False,False,False,False,
777950,2,5,abab0fcc-d5e7-3dff-b759-550a079bf58d,457705,Andrew McCutchen,,,1B,Walk,walk,,False,,,False,False,False,False,
777950,3,6,dfa579b3-e931-3304-bf7b-d092ad91f83b,457705,Andrew McCutchen,1B,1B,2B,Walk,walk,r_adv_force,False,,,False,False,False,False,
777950,3,6,dfa579b3-e931-3304-bf7b-d092ad91f83b,663698,Joey Bart,,,1B,Walk,walk,,False,,,False,False,False,False,
777950,4,2,3df05ab8-0844-3d29-9a9d-0702006972da,685301,Matt Gorski,,,,Strikeout,strikeout,,True,1B,3,False,False,False,False,
777950,5,3,a0e11587-b6c6-38c3-bae0-301c13394d6d,596019,Francisco Lindor,,,1B,Single,single,,False,,,False,False,False,False,
777950,6,6,f1fc2aea-abd1-34e1-a0f9-1d7eda70655c,596019,Francisco Lindor,1B,1B,2B,Walk,walk,r_adv_force,False,,,False,False,False,False,
777950,6,6,f1fc2aea-abd1-34e1-a0f9-1d7eda70655c,665742,Juan Soto,,,1B,Walk,walk,,False,,,False,False,False,False,
777950,7,6,8ae44c1e-c2d2-3af2-83db-87c3f1bd81e2,665742,Juan Soto,1B,1B,,Grounded Into DP,grounded_into_double_play,r_force_out,True,2B,1,False,False,False,False,
777950,7,6,8ae44c1e-c2d2-3af2-83db-87c3f1bd81e2,624413,Pete Alonso,,,,Grounded Into DP,grounded_into_double_play,,True,1B,2,False,False,False,False,
777950,7,6,8ae44c1e-c2d2-3af2-83db-87c3f1bd81e2,596019,Francisco Lindor,2B,2B,3B,Grounded Into DP,grounded_into_double_play,r_adv_force,False,,,False,False,False,False,
777950,8,3,c1a15c0e-fcd4-3f19-889c-6b840905cad2,607043,Brandon Nimmo,,,,Strikeout,strikeout,,True,1B,3,False,False,False,False,
777950,9,2,abe187b0-541a-3fe8-831b-432ab5b16988,643396,Isiah Kiner-Falefa,,,score,Home Run,home_run,,False,,,True,True,True,False,656849
777950,10,2,fc0f0fff-5ca9-30ef-8ca1-aefcda2b2234,672744,Alexander Canario,,,,Flyout,field_out,,True,1B,1,False,False,False,False,
777950,11,4,b0569e8d-d7ad-30bc-a224-be59393aded0,669707,Jared Triolo,,,,Strikeout,strikeout,,True,1B,2,False,False,False,False,
777950,12,3,083a02e5-b2d1-3715-a318-b333da50d054,680779,Henry Davis,,,,Strikeout,strikeout,,True,1B,3,False,False,False,False,
777950,13,1,defaf6a4-4374-3e66-944d-4567c78a88aa,668901,Mark Vientos,,,1B,Single,single,,False,,,False,False,False,False,
777950,14,1,e848f62a-f0a1-337f-901b-3f95319c297a,643446,Jeff McNeil,,,,Pop Out,field_out,,True,1B,1,False,False,False,False,
777950,15,7,bbd90327-3bca-3c70-8653-b64d3e5394f3,668901,Mark Vientos,1B,1B,2B,Walk,walk,r_adv_force,False,,,False,False,False,False,
777950,15,7,bbd90327-3bca-3c70-8653-b64d3e5394f3,682626,Francisco Alvarez,,,1B,Walk,walk,,False,,,False,False,False,False,
777950,16,5,33bd91fd-279d-3294-9d42-c6ff416cbf43,683146,Brett Baty,,,,Strikeout,strikeout,,True,1B,2,False,False,False,False,
777950,17,2,74fe81ed-fcf0-36ae-b2c1-bab0e3fccc37,682626,Francisco Alvarez,1B,1B,,Forceout,force_out,r_force_out,True,1B,3,False,False,False,False,
777950,17,2,74fe81ed-fcf0-36ae-b2c1-bab0e3fccc37,682668,Luisangel Acuña,,,1B,Forceout,force_out,,False,,,False,False,False,False,
777950,18,3,67e42d00-cfa7-3580-aed0-c2587b39d117,663647,Ke'Bryan Hayes,,,,Groundout,field_out,,True,1B,1,False,False,False,False,
777950,19,2,9184fee4-7a9c-3ef7-9212-d7469b75367d,668804,Bryan Reynolds,,,,Groundout,field_out,,True,1B,2,False,False,False,False,
777950,20,1,ec8eb18e-18de-30d4-ae44-f5201f36c408,457705,Andrew McCutchen,,,,Flyout,field_out,,True,1B,3,False,False,False,False,
777950,21,4,8080e235-27db-3a09-b6cd-56f5f448b85c,596019,Francisco Lindor,,,,Groundout,field_out,,True,1B,1,False,False,False,False,
777950,22,3,b1ea81ab-5b1d-366f-8244-a671a724e3b5,665742,Juan Soto,,,,Lineout,field_out,,True,1B,2,False,False,False,False,
777950,23,0,c44351bc-539d-3ed4-bc71-81810b1d7a5b,624413,Pete Alonso,,,,Groundout,field_out,,True,1B,3,False,False,False,False,
777950,24,3,863323ac-8fe5-326d-ab37-2b040722674f,663698,Joey Bart,,,,Strikeout,strikeout,,True,1B,1,False,False,False,False,
777950,25,4,153a1abd-876f-3c25-8be5-e13df64fc80f,685301,Matt Gorski,,,,Strikeout,strikeout,,True,1B,2,False,False,False,False,
777950,26,0,af0a3568-c55d-3ba3-8f23-717104d2a7ea,643396,Isiah Kiner-Falefa,,,,Groundout,field_out,,True,1B,3,False,False,False,False,
777950,27,3,ba3aca82-0127-388f-b10b-8b080bb9f4ac,607043,Brandon Nimmo,,,2B,Double,double,,False,,,False,False,False,False,
777950,28,3,c71960ba-0b20-3eea-8a67-9c1aef7a0333,668901,Mark Vientos,,,,Strikeout,strikeout,,True,1B,1,False,False,False,False,
777950,29,0,ccf182d1-3ef4-31ac-bcbe-c6d66a94e0b4,643446,Jeff McNeil,,,2B,Double,double,,False,,,False,False,False,False,
777950,29,0,ccf182d1-3ef4-31ac-bcbe-c6d66a94e0b4,607043,Brandon Nimmo,2B,2B,3B,Double,double,r_adv_force,False,,,False,False,False,False,
777950,29,0,ccf182d1-3ef4-31ac-bcbe-c6d66a94e0b4,607043,Brandon Nimmo,2B,3B,score,Double,double,r_adv_play,False,,,True,True,True,False,694973
777950,30,4,2529147b-2357-3436-9633-eac9c6d744cf,682626,Francisco Alvarez,,,,Groundout,field_out,,True,1B,2,False,False,False,False,
777950,31,2,95d9d59d-3968-3ddb-80e2-4a37265db49b,683146,Brett Baty,,,,Flyout,field_out,,True,1B,3,False,False,False,False,
777950,32,4,d0a514ee-750d-38d4-95a7-5418931cbd24,672744,Alexander Canario,,,,Lineout,field_out,,True,1B,1,False,False,False,False,
777950,33,4,96493690-c990-33a5-b5a4-35a83c26433a,669707,Jared Triolo,,,2B,Double,double,,False,,,False,False,False,False,
777950,34,2,faf8a07d-230d-3426-94a3-464824390bf5,680779,Henry Davis,,,,Groundout,field_out,,True,1B,2,False,False,False,False,
777950,35,5,9648698c-d901-3410-8da7-5f35db042ecc,663647,Ke'Bryan Hayes,,,1B,Single,single,,False,,,False,False,False,False,
777950,35,5,9648698c-d901-3410-8da7-5f35db042ecc,669707,Jared Triolo,2B,2B,3B,Single,single,r_adv_play,False,,,False,False,False,False,
777950,36,6,b71dd1ab-54f2-3c79-9377-06b90bbfcbcb,668804,Bryan Reynolds,,,,Strikeout,strikeout,,True,1B,3,False,False,False,False,
777950,37,4,2d64d54c-f248-3d19-bec4-739dbc556b0e,682668,Luisangel Acuña,,,,Pop Out,field_out,,True,1B,1,False,False,False,False,
777950,38,1,5d2e20fd-e585-38dc-805a-6149db696085,596019,Francisco Lindor,,,1B,Single,single,,False,,,False,False,False,False,
777950,39,5,5a2aa430-0997-3af6-99fa-554be1325f4b,665742,Juan Soto,,,,Strikeout,strikeout,,True,1B,2,False,False,False,False,
777950,40,6,0b324b37-7b17-3ce3-af2f-07ebedb2281e,624413,Pete Alonso,,,,Strikeout,strikeout,,True,1B,3,False,False,False,False,
777950,41,3,b7e0ea55-59af-32eb-bfed-92fc26e87ae1,457705,Andrew McCutchen,,,1B,Single,single,,False,,,False,False,False,False,
777950,42,2,471096ff-e40a-3d34-9dbf-d68dde3a61fc,663698,Joey Bart,,,,Lineout,field_out,,True,1B,1,False,False,False,False,
777950,43,5,77063124-5b78-33f9-a41d-b54f36d17822,685301,Matt Gorski,,,,Strikeout,strikeout,,True,1B,2,False,False,False,False,
777950,44,2,5f996bd4-669a-3535-82a3-7a3a13af4289,643396,Isiah Kiner-Falefa,,,1B,Single,single,,False,,,False,False,False,False,
777950,44,2,5f996bd4-669a-3535-82a3-7a3a13af4289,457705,Andrew McCutchen,1B,1B,2B,Single,single,r_adv_force,False,,,False,False,False,False,
777950,45,1,842aa6e6-558b-39fe-a4c8-8206e23758c7,672744,Alexander Canario,,,,Flyout,field_out,,True,1B,3,False,False,False,False,
777950,46,6,fa56a09b-4276-3c4e-841d-bd2570742dd8,607043,Brandon Nimmo,,,,Strikeout,strikeout,,True,1B,1,False,False,False,False,
777950,47,0,dd1993b4-e6eb-3ca8-8d8f-07e42f312c94,668901,Mark Vientos,,,2B,Double,double,,False,,,False,False,False,False,
777950,48,5,be086fbc-3a46-3929-9d1c-481991fb93a0,643446,Jeff McNeil,,,1B,Walk,walk,,False,,,False,False,False,False,
777950,49,3,66676846-ba5a-3f64-83b3-fed33a9f0b78,643446,Jeff McNeil,1B,1B,,Grounded Into DP,grounded_into_double_play,r_force_out,True,2B,2,False,False,False,False,
777950,49,3,66676846-ba5a-3f64-83b3-fed33a9f0b78,682626,Francisco Alvarez,,,,Grounded Into DP,grounded_into_double_play,,True,1B,3,False,False,False,False,
777950,50,9,4248817e-c5a4-3dbb-a88e-f277c6a1f325,669707,Jared Triolo,,,1B,Walk,walk,,False,,,False,False,False,False,
777950,51,5,56bcc0e2-3e0c-3816-84ba-c37dd65d2238,669707,Jared Triolo,1B,1B,2B,Stolen Base 2B,stolen_base_2b,r_stolen_base_2b,False,,,False,False,False,False,
777950,51,9,5057678d-7a9f-3ef8-b4e0-a171a39e1455,680779,Henry Davis,,,,Strikeout,strikeout,,True,1B,1,False,False,False,False,
777950,52,10,10757ae4-0b61-354a-b87c-963e8415e171,669707,Jared Triolo,2B,2B,3B,Disengagement Violation,forced_balk,r_adv_play,False,,,False,False,False,False,
777950,52,12,55b8d38c-b1f7-38fe-a630-5aaed2763c9e,663647,Ke'Bryan Hayes,,,1B,Walk,walk,,False,,,False,False,False,False,
777950,53,5,f4de61d1-6af4-3020-8036-38aebbb9bbd9,663647,Ke'Bryan Hayes,1B,1B,,Forceout,force_out,r_force_out,True,2B,2,False,False,False,False,
777950,53,5,f4de61d1-6af4-3020-8036-38aebbb9bbd9,669707,Jared Triolo,3B,3B,score,Forceout,force_out,r_adv_play,False,,,True,True,True,False,656849
777950,53,5,f4de61d1-6af4-3020-8036-38aebbb9bbd9,668804,Bryan Reynolds,,,1B,Forceout,force_out,,False,,,False,False,False,False,
777950,54,3,f849e1e5-219a-3440-ada2-b9e9decc55e8,668804,Bryan Reynolds,1B,1B,,Forceout,force_out,r_force_out,True,2B,3,False,False,False,False,
777950,54,3,f849e1e5-219a-3440-ada2-b9e9decc55e8,457705,Andrew McCutchen,,,1B,Forceout,force_out,,False,,,False,False,False,False,
777950,55,4,4689af36-9c6a-36c0-9384-6b83bc0b614a,621438,Tyrone Taylor,,,1B,Hit By Pitch,hit_by_pitch,,False,,,False,False,False,False,
777950,56,2,30a3e559-684c-31dd-af51-8d0d55cede27,621438,Tyrone Taylor,1B,1B,2B,Stolen Base 2B,stolen_base_2b,r_stolen_base_2b,False,,,False,False,False,False,
777950,56,5,02b53f73-dc3b-3603-b532-d2c2d6308d2a,682668,Luisangel Acuña,,,1B,Single,single,,False,,,False,False,False,False,
777950,56,5,02b53f73-dc3b-3603-b532-d2c2d6308d2a,621438,Tyrone Taylor,2B,2B,3B,Single,single,r_adv_play,False,,,False,False,False,False,
777950,57,7,7816be0b-6eda-3e69-9c26-753d210292eb,596019,Francisco Lindor,,,,Strikeout,strikeout,,True,1B,1,False,False,False,False,
777950,58,4,dd2ab539-ea3e-3ea9-80ed-bcb9f7de8a84,665742,Juan Soto,,,,Groundout,field_out,,True,1B,2,False,False,False,False,
777950,58,4,dd2ab539-ea3e-3ea9-80ed-bcb9f7de8a84,621438,Tyrone Taylor,3B,3B,score,Groundout,field_out,r_adv_play,False,,,True,True,True,False,657571
777950,58,4,dd2ab539-ea3e-3ea9-80ed-bcb9f7de8a84,682668,Luisangel Acuña,1B,1B,2B,Groundout,field_out,r_adv_force,False,,,False,False,False,False,
777950,59,2,9af90c08-df8d-34b6-8bd2-15b5684e0d6a,624413,Pete Alonso,,,1B,Single,single,,False,,,False,False,False,False,
777950,59,2,9af90c08-df8d-34b6-8bd2-15b5684e0d6a,682668,Luisangel Acuña,2B,2B,score,Single,single,r_adv_play,False,,,True,True,True,False,657571
777950,60,3,8d5aa154-39b2-3f36-8e1d-0cae6e8433f6,607043,Brandon Nimmo,,,,Pop Out,field_out,,True,1B,3,False,False,False,False,
777950,61,6,c1b2eadf-5c85-3bf0-97c1-8dd2591b8b4f,663698,Joey Bart,,,,Flyout,field_out,,True,1B,1,False,False,False,False,
777950,62,9,a059567f-bdac-33f4-ba13-b7fdb9b1ca95,624428,Adam Frazier,,,,Groundout,field_out,,True,1B,2,False,False,False,False,
777950,63,4,56bc8c53-1b6b-35c3-8983-a2d1fb4735d7,643396,Isiah Kiner-Falefa,,,,Pop Out,field_out,,True,1B,3,False,False,False,False,
777950,64,5,07eb4cda-04f8-32e7-94ab-2f6bf8c5c88f,668901,Mark Vientos,,,,Flyout,field_out,,True,1B,1,False,False,False,False,
777950,65,4,e76496f0-2452-3e7f-bd31-0de79dadeaea,643446,Jeff McNeil,,,1B,Walk,walk,,False,,,False,False,False,False,
777950,66,5,7b0d9a5b-c70a-3e2f-9bbd-bb5755fe41ba,682626,Francisco Alvarez,,,,Pop Out,field_out,,True,1B,2,False,False,False,False,
777950,67,1,e2e5a833-95ea-3179-8f10-f3db1b3b2cd2,643446,Jeff McNeil,1B,1B,2B,Wild Pitch,wild_pitch,r_adv_play,False,,,False,False,False,False,
777950,67,4,e7f5e5c3-fabd-3185-95ff-ba43c6275d8f,621438,Tyrone Taylor,,,,Groundout,field_out,,True,1B,3,False,False,False,False,
777950,68,2,7bcbaf4d-3a4a-3fec-8142-d3b1b2e9e557,672744,Alexander Canario,,,1B,Single,single,,False,,,False,False,False,False,
777950,69,3,4bf036fe-057f-3f93-9a37-b24b40320493,678225,Ji Hwan Bae,1B,1B,2B,Error,error,r_adv_play,False,,,False,False,False,False,
777950,69,3,4bf036fe-057f-3f93-9a37-b24b40320493,669707,Jared Triolo,,,1B,Fielders Choice,fielders_choice,,False,,,False,False,False,False,
777950,70,1,3d39a756-692d-3a2a-8cac-25615fa80830,680779,Henry Davis,,,,Sac Bunt,sac_bunt,,True,1B,1,False,False,False,False,
777950,70,1,3d39a756-692d-3a2a-8cac-25615fa80830,678225,Ji Hwan Bae,2B,2B,3B,Sac Bunt,sac_bunt,r_adv_force,False,,,False,False,False,False,
777950,70,1,3d39a756-692d-3a2a-8cac-25615fa80830,669707,Jared Triolo,1B,1B,2B,Sac Bunt,sac_bunt,r_adv_force,False,,,False,False,False,False,
777950,71,0,a6d73261-2068-3bff-8547-07073d06eea2,678225,Ji Hwan Bae,3B,3B,score,Fielders Choice,fielders_choice,r_adv_play,False,,,True,True,False,True,623211
777950,71,0,a6d73261-2068-3bff-8547-07073d06eea2,669707,Jared Triolo,2B,2B,3B,Fielders Choice,fielders_choice,r_adv_play,False,,,False,False,False,False,
777950,71,0,a6d73261-2068-3bff-8547-07073d06eea2,663647,Ke'Bryan Hayes,,,1B,Fielders Choice,fielders_choice,,False,,,False,False,False,False,
777950,72,0,e105624d-c539-3248-9126-dd8f3a3dda33,663647,Ke'Bryan Hayes,1B,1B,,Grounded Into DP,grounded_into_double_play,r_force_out,True,2B,2,False,False,False,False,
777950,72,0,e105624d-c539-3248-9126-dd8f3a3dda33,668804,Bryan Reynolds,,,,Grounded Into DP,grounded_into_double_play,,True,1B,3,False,False,False,False,
777950,73,4,91eea0a1-568c-3413-8445-11cff2d7505c,682668,Luisangel Acuña,,,,Strikeout,strikeout,,True,1B,1,False,False,False,False,
777950,74,2,358504ee-8059-3cb6-ad42-0b5fb526124d,596019,Francisco Lindor,,,1B,Single,single,,False,,,False,False,False,False,
777950,75,0,0a3ada26-76e3-36f4-86ef-649a1e0f39e7,665742,Juan Soto,,,1B,Single,single,,False,,,False,False,False,False,
777950,75,0,0a3ada26-76e3-36f4-86ef-649a1e0f39e7,596019,Francisco Lindor,1B,1B,2B,Single,single,r_adv_force,False,,,False,False,False,False,
777950,75,0,0a3ada26-76e3-36f4-86ef-649a1e0f39e7,596019,Francisco Lindor,1B,2B,3B,Single,single,r_adv_play,False,,,False,False,False,False,
777950,76,4,4e70b9f2-7a69-375c-9d9e-8aff2950a2e0,624413,Pete Alonso,,,,Sac Fly,sac_fly,,True,1B,2,False,False,False,False,
777950,76,4,4e70b9f2-7a69-375c-9d9e-8aff2950a2e0,596019,Francisco Lindor,3B,3B,score,Sac Fly,sac_fly,r_adv_play,False,,,True,True,True,False,670280
777959,0,5,dcd6ee87-7c0d-35a9-86e5-5cc485b019d9,682928,CJ Abrams,,,,Strikeout,strikeout,,True,1B,1,False,False,False,False,
777959,1,4,36b58488-3ceb-3b32-bb84-955cbde3afc5,695578,James Wood,,,,Lineout,field_out,,True,1B,2,False,False,False,False,
777959,2,3,4f2de47e-32df-3d9f-9300-2b3410f8b8bc,663993,Nathaniel Lowe,,,,Strikeout,strikeout,,True,1B,3,False,False,False,False,
777959,3,5,9c4b32ac-878b-3431-a3c7-020a4fb7d926,657077,Alex Verdugo,,,2B,Double,double,,False,,,False,False,False,False,
777959,4,3,ff70ba9f-6f93-37c3-a88b-074e3b46fc73,663586,Austin Riley,,,,Flyout,field_out,,True,1B,1,False,False,False,False,
777959,5,3,b03d505d-16ef-359b-9386-cc8d05a969e8,621566,Matt Olson,,,,Flyout,field_out,,True,1B,2,False,False,False,False,
777959,6,4,2b6c91fb-a7c6-391f-afa2-f27bdddca72b,542303,Marcell Ozuna,,,1B,Walk,walk,,False,,,False,False,False,False,
777959,7,0,06f6bb45-b700-3aa5-b270-e377d9b6dfc0,671739,Michael Harris II,,,,Flyout,field_out,,True,1B,3,False,False,False,False,
777959,8,5,1ce5535d-f90a-3599-a188-224ff5254017,660688,Keibert Ruiz,,,,Strikeout,strikeout,,True,1B,1,False,False,False,False,
777959,9,1,b7e01d78-4f64-3f56-be22-6ca196c2fb12,671277,Luis García Jr.,,,,Groundout,field_out,,True,1B,2,False,False,False,False,
777959,10,2,6b9c0e4d-d606-3fcd-b1e2-1785f8663027,605137,Josh Bell,,,,Flyout,field_out,,True,1B,3,False,False,False,False,
777959,11,1,d06b8bfc-8330-3fce-956c-5cedf45f1f4c,669221,Sean Murphy,,,,Lineout,field_out,,True,1B,1,False,False,False,False,
777959,12,2,471fd889-7580-3c55-9846-fb5d209bb566,645277,Ozzie Albies,,,,Lineout,field_out,,True,1B,2,False,False,False,False,
777959,13,1,43e35c91-2ea7-37fa-b289-65c238fcb997,642201,Eli White,,,,Groundout,field_out,,True,1B,3,False,False,False,False,
777959,14,3,374e97f6-769d-3e3a-9dbd-181244316faf,686611,Dylan Crews,,,1B,Walk,walk,,False,,,False,False,False,False,
777959,15,3,155acf69-bf72-3e7c-b9d3-7a22876730a3,686611,Dylan Crews,1B,1B,,Grounded Into DP,grounded_into_double_play,r_force_out,True,2B,1,False,False,False,False,
777959,15,3,155acf69-bf72-3e7c-b9d3-7a22876730a3,677588,José Tena,,,,Grounded Into DP,grounded_into_double_play,,True,1B,2,False,False,False,False,
777959,16,3,eaad8bc8-3190-3356-9266-748333aa6421,696285,Jacob Young,,,,Strikeout,strikeout,,True,1B,3,False,False,False,False,
777959,17,0,63f251c1-46a5-364f-b6d5-576fbf5be288,669397,Nick Allen,,,,Lineout,field_out,,True,1B,1,False,False,False,False,
777959,18,2,188c2a8e-5c93-30c8-9542-54f8d7a459b3,657077,Alex Verdugo,,,,Flyout,field_out,,True,1B,2,False,False,False,False,
777959,19,4,5b40a7e1-4d1e-3b69-bbd0-711601d950ed,663586,Austin Riley,,,1B,Walk,walk,,False,,,False,False,False,False,
777959,20,3,b6d1bb0f-ef61-31f9-9f15-47535729b165,621566,Matt Olson,,,1B,Single,single,,False,,,False,False,False,False,
777959,20,3,b6d1bb0f-ef61-31f9-9f15-47535729b165,663586,Austin Riley,1B,1B,2B,Single,single,r_adv_force,False,,,False,False,False,False,
777959,21,2,2dd076fa-3b43-3e18-819b-ab5a7dd7f9d0,542303,Marcell Ozuna,,,1B,Single,single,,False,,,False,False,False,False,
777959,21,2,2dd076fa-3b43-3e18-819b-ab5a7dd7f9d0,663586,Austin Riley,2B,2B,3B,Single,single,r_adv_force,False,,,False,False,False,False,
777959,21,2,2dd076fa-3b43-3e18-819b-ab5a7dd7f9d0,663586,Austin Riley,2B,3B,score,Single,single,r_adv_play,False,,,True,True,True,False,663623
777959,21,2,2dd076fa-3b43-3e18-819b-ab5a7dd7f9d0,621566,Matt Olson,1B,1B,2B,Single,single,r_adv_force,False,,,False,False,False,False,
777959,22,0,7a18f0fe-ee0b-3e31-9034-982b46c18345,671739,Michael Harris II,,,1B,Single,single,,False,,,False,False,False,False,
777959,22,0,7a18f0fe-ee0b-3e31-9034-982b46c18345,621566,Matt Olson,2B,2B,3B,Single,single,r_adv_force,False,,,False,False,False,False,
777959,22,0,7a18f0fe-ee0b-3e31-9034-982b46c18345,621566,Matt Olson,2B,3B,score,Single,single,r_adv_play,False,,,True,True,True,False,663623
777959,22,0,7a18f0fe-ee0b-3e31-9034-982b46c18345,542303,Marcell Ozuna,1B,1B,2B,Single,single,r_adv_force,False,,,False,False,False,False,
777959,23,1,1a1ac01b-2746-331d-adf8-3a8811898f51,669221,Sean Murphy,,,1B,Single,single,,False,,,False,False,False,False,
777959,23,1,1a1ac01b-2746-331d-adf8-3a8811898f51,542303,Marcell Ozuna,2B,2B,3B,Single,single,r_adv_force,False,,,False,False,False,False,
777959,23,1,1a1ac01b-2746-331d-adf8-3a8811898f51,671739,Michael Harris II,1B,1B,2B,Single,single,r_adv_force,False,,,False,False,False,False,
777959,24,1,f90ab341-a43a-3127-a5ce-e084ab3875a4,645277,Ozzie Albies,,,,Flyout,field_out,,True,1B,3,False,False,False,False,
777959,25,3,84503c31-00df-3397-afbb-4c97b8da78f0,682928,CJ Abrams,,,,Groundout,field_out,,True,1B,1,False,False,False,False,
777959,26,2,384a2948-40ac-3a6c-b7ca-3869c90f856f,695578,James Wood,,,score,Home Run,home_run,,False,,,True,True,True,False,656550
777959,27,0,226819c4-f085-3163-8cfe-dddc478d0122,663993,Nathaniel Lowe,,,,Groundout,field_out,,True,1B,2,False,False,False,False,
777959,28,4,dd69d34a-a198-3a4a-a851-95b7c62423a9,660688,Keibert Ruiz,,,1B,Single,single,,False,,,False,False,False,False,
777959,29,6,57f5611e-58fb-344f-affc-35a0d8af5563,671277,Luis García Jr.,,,,Flyout,field_out,,True,1B,3,False,False,False,False,
777959,30,2,20358199-3e13-3076-a632-55440b84519d,642201,Eli White,,,,Strikeout,strikeout,,True,1B,1,False,False,False,False,
777959,31,3,dd2b6bc0-3d38-3700-9e40-fd90eeecd7fe,669397,Nick Allen,,,,Flyout,field_out,,True,1B,2,False,False,False,False,
777959,32,1,657635a2-adc9-375b-968a-f8aca5fffcdb,657077,Alex Verdugo,,,,Groundout,field_out,,True,1B,3,False,False,False,False,
777959,33,4,bffc8c52-a0e9-3f56-bfc2-24c58b9ef870,605137,Josh Bell,,,1B,Single,single,,False,,,False,False,False,False,
777959,34,1,59d39275-b6d9-33f7-97c9-b4c9b3d6a7dc,686611,Dylan Crews,,,,Lineout,field_out,,True,1B,1,False,False,False,False,
777959,35,5,e7201f24-3ede-3c68-a77d-d6f74c35ef95,677588,José Tena,,,,Flyout,field_out,,True,1B,2,False,False,False,False,
777959,36,3,93d3caae-fd62-3e87-bdce-6b555c9d08da,696285,Jacob Young,,,,Groundout,field_out,,True,1B,3,False,False,False,False,
777959,37,3,c9b906a2-31cb-3fd5-a3cd-f168ea728bbf,663586,Austin Riley,,,,Flyout,field_out,,True,1B,1,False,False,False,False,
777959,38,3,b72b554e-4775-380a-843d-cd05ae934f7f,621566,Matt Olson,,,,Flyout,field_out,,True,1B,2,False,False,False,False,
777959,39,2,d96970c2-3f9b-3dd2-ba5d-9d7e1b16d05d,542303,Marcell Ozuna,,,score,Home Run,home_run,,False,,,True,True,True,False,663623
777959,40,1,966f43e9-fd62-3910-9a6b-4aa31282fcea,671739,Michael Harris II,,,1B,Single,single,,False,,,False,False,False,False,
777959,41,2,70dc63dc-e469-3e99-8a56-73ffbe9208f0,669221,Sean Murphy,,,,Flyout,field_out,,True,1B,3,False,False,False,False,
777959,42,2,78334774-9427-3924-93bb-30f91bf6d91e,682928,CJ Abrams,,,,Groundout,field_out,,True,1B,1,False,False,False,False,
777959,43,0,73c0eacb-6ae9-32e5-891a-bbcbe1d4859b,695578,James Wood,,,,Groundout,field_out,,True,1B,2,False,False,False,False,
777959,44,5,6b68c3e8-262d-3eac-94ed-868cbdce023e,663993,Nathaniel Lowe,,,,Groundout,field_out,,True,1B,3,False,False,False,False,
777959,45,2,59921320-c28c-3808-98aa-47396dcf7355,645277,Ozzie Albies,,,,Lineout,field_out,,True,1B,1,False,False,False,False,
777959,46,1,d749d02c-29d3-3bd7-8ff8-dc1c07966f7c,642201,Eli White,,,,Groundout,field_out,,True,1B,2,False,False,False,False,
777959,47,7,84acbcf7-0819-3eb6-8fea-4ecc0c2e6a98,669397,Nick Allen,,,,Groundout,field_out,,True,1B,3,False,False,False,False,
777959,48,1,66b69a1e-d4d9-3bf4-a6d1-a08cb4f3deb1,660688,Keibert Ruiz,,,,Groundout,field_out,,True,1B,1,False,False,False,False,
777959,49,1,7beaa78c-b41d-3542-a77a-69fae7d4f061,671277,Luis García Jr.,,,2B,Double,double,,False,,,False,False,False,False,
777959,50,7,0edb04e9-4784-37f8-80f8-eee8954cee2b,605137,Josh Bell,,,,Strikeout,strikeout,,True,1B,2,False,False,False,False,
777959,51,3,4ddd6da8-55c0-3d58-b7be-73a3104c6453,686611,Dylan Crews,,,,Strikeout,strikeout,,True,1B,3,False,False,False,False,
777959,52,6,c36ca792-06c1-38d7-a852-4efbbce925da,657077,Alex Verdugo,,,,Groundout,field_out,,True,1B,1,False,False,False,False,
777959,53,3,86e80fed-ceeb-3ba1-b65e-4acdd7c0c76e,663586,Austin Riley,,,1B,Single,single,,False,,,False,False,False,False,
777959,54,5,3229bedf-4c39-3727-b9bc-37c16915bb6f,621566,Matt Olson,,,,Strikeout,strikeout,,True,1B,2,False,False,False,False,
777959,55,6,f84e5bbb-3883-3621-840d-f4cdf0493ea7,663586,Austin Riley,1B,1B,2B,Stolen Base 2B,stolen_base_2b,r_stolen_base_2b,False,,,False,False,False,False,
777959,55,7,9bc288d6-762d-3c87-a983-712e504c7085,542303,Marcell Ozuna,,,,Strikeout,strikeout,,True,1B,3,False,False,False,False,
777959,56,6,69f59463-c7b3-3bdf-8192-a2f2fe3bb871,677588,José Tena,,,2B,Double,double,,False,,,False,False,False,False,
777959,57,1,208e1f3c-2465-3988-9c72-c7da85b55888,669743,Alex Call,,,1B,Hit By Pitch,hit_by_pitch,,False,,,False,False,False,False,
777959,58,5,3fa3b95b-d6a6-3a82-a397-211819b99afc,669743,Alex Call,1B,1B,,Grounded Into DP,grounded_into_double_play,r_force_out,True,2B,1,False,False,False,False,
777959,58,5,3fa3b95b-d6a6-3a82-a397-211819b99afc,682928,CJ Abrams,,,,Grounded Into DP,grounded_into_double_play,,True,1B,2,False,False,False,False,
777959,58,5,3fa3b95b-d6a6-3a82-a397-211819b99afc,677588,José Tena,2B,2B,3B,Grounded Into DP,grounded_into_double_play,r_adv_force,False,,,False,False,False,False,
777959,59,4,73c67859-d101-3db3-92ee-4cf261f0a41a,695578,James Wood,,,,Strikeout,strikeout,,True,1B,3,False,False,False,False,
777959,60,8,686834bf-5411-35e1-a02c-e8b8e5d5430c,671739,Michael Harris II,,,,Groundout,field_out,,True,1B,1,False,False,False,False,
777959,61,5,03a304aa-ed6f-32f4-a8f4-5f903db03cbf,669221,Sean Murphy,,,,Strikeout,strikeout,,True,1B,2,False,False,False,False,
777959,62,0,9a6f5a41-daf9-39f1-86ad-5ba65aa2cf71,645277,Ozzie Albies,,,,Flyout,field_out,,True,1B,3,False,False,False,False,
777959,63,3,04e302f2-27f0-3421-98fa-d0e5e07ee7dd,663993,Nathaniel Lowe,,,,Groundout,field_out,,True,1B,1,False,False,False,False,
777959,64,1,945faad5-2030-376b-b05a-b8338a37271c,660688,Keibert Ruiz,,,1B,Single,single,,False,,,False,False,False,False,
777959,65,2,f5eaeae8-e7b4-35a0-8fca-fac64b892899,671277,Luis García Jr.,,,1B,Single,single,,False,,,False,False,False,False,
777959,65,2,f5eaeae8-e7b4-35a0-8fca-fac64b892899,660688,Keibert Ruiz,1B,1B,2B,Single,single,r_adv_force,False,,,False,False,False,False,
777959,66,4,f63f2344-5bff-30c1-9bf5-6924eb98b189,605137,Josh Bell,,,,Groundout,field_out,,True,1B,2,False,False,False,False,
777959,66,4,f63f2344-5bff-30c1-9bf5-6924eb98b189,660688,Keibert Ruiz,2B,2B,3B,Groundout,field_out,r_adv_force,False,,,False,False,False,False,
777959,66,4,f63f2344-5bff-30c1-9bf5-6924eb98b189,671277,Luis García Jr.,1B,1B,2B,Groundout,field_out,r_adv_force,False,,,False,False,False,False,
777959,67,7,68aa7ab2-098e-3a0a-b0ad-2ab305f09dde,686611,Dylan Crews,,,1B,Single,single,,False,,,False,False,False,False,
777959,67,7,68aa7ab2-098e-3a0a-b0ad-2ab305f09dde,660688,Keibert Ruiz,3B,3B,score,Single,single,r_adv_play,False,,,True,True,True,False,628452
777959,67,7,68aa7ab2-098e-3a0a-b0ad-2ab305f09dde,683083,Nasim Nuñez,2B,2B,score,Error,error,r_adv_play,False,,,True,False,False,True,628452
777959,68,4,10366352-83a3-352c-a385-bc50b824a914,686611,Dylan Crews,1B,1B,2B,Stolen Base 2B,stolen_base_2b,r_stolen_base_2b,False,,,False,False,False,False,
777959,68,8,8caf0e89-5032-3b40-9b17-83fca594a5c9,677588,José Tena,,,1B,Walk,walk,,False,,,False,False,False,False,
777959,69,5,7e6dda51-ae26-38ea-8440-db12853204ec,669743,Alex Call,,,,Strikeout,strikeout,,True,1B,3,False,False,False,False,
777959,70,2,c5697aff-7275-31c3-bdce-c550e2bf2c14,642201,Eli White,,,1B,Single,single,,False,,,False,False,False,False,
777959,71,2,c9faa3c4-ca42-3763-87ea-a7d1cfc5b742,669397,Nick Allen,,,,Sac Bunt,sac_bunt,,True,1B,1,False,False,False,False,
777959,71,2,c9faa3c4-ca42-3763-87ea-a7d1cfc5b742,642201,Eli White,1B,1B,2B,Sac Bunt,sac_bunt,r_adv_force,False,,,False,False,False,False,
777959,72,10,4b1693dc-ad0a-325d-9389-4fab80867b32,657077,Alex Verdugo,,,1B,Single,single,,False,,,False,False,False,False,
777959,72,10,4b1693dc-ad0a-325d-9389-4fab80867b32,642201,Eli White,2B,2B,score,Single,single,r_adv_play,False,,,True,True,True,False,671131
777952,0,4,693720c3-9b8e-31ca-bf82-79c67333f822,669364,Xavier Edwards,,,,Lineout,field_out,,True,1B,1,False,False,False,False,
777952,1,4,e876378c-148a-3bf8-acd7-753df00aff88,660821,Jesús Sánchez,,,1B,Single,single,,False,,,False,False,False,False,
777952,2,5,8eb636bc-c2cc-3e45-b950-d22b97d85b2b,660821,Jesús Sánchez,1B,1B,,Grounded Into DP,grounded_into_double_play,r_force_out,True,2B,2,False,False,False,False,
777952,2,5,8eb636bc-c2cc-3e45-b950-d22b97d85b2b,682663,Agustín Ramírez,,,,Grounded Into DP,grounded_into_double_play,,True,1B,3,False,False,False,False,
777952,3,5,ffb953df-4e5f-3695-ae37-176e60b5f00d,691718,Pete Crow-Armstrong,,,,Strikeout,strikeout,,True,1B,1,False,False,False,False,
777952,4,5,cfffd29d-1752-343b-bf3e-23de916188c8,663656,Kyle Tucker,,,,Groundout,field_out,,True,1B,2,False,False,False,False,
777952,5,7,e7c9e8de-9590-3af8-9b7c-959512a41e91,673548,Seiya Suzuki,,,,Pop Out,field_out,,True,1B,3,False,False,False,False,
777952,6,5,b937f920-2f40-350c-bb63-c483ff6fe67a,669065,Kyle Stowers,,,,Strikeout,strikeout,,True,1B,1,False,False,False,False,
777952,7,5,cce322b5-dc39-3bb6-b3a9-2f72b180bc2a,670223,Matt Mervis,,,,Strikeout,strikeout,,True,1B,2,False,False,False,False,
777952,8,1,5c5fa95e-b823-3136-b4fc-c19bc214eac2,682927,Ronny Simon,,,,Pop Out,field_out,,True,1B,3,False,False,False,False,
777952,9,6,a6ed6fc9-196d-3bf8-a0f0-001c97aedab2,683737,Michael Busch,,,,Flyout,field_out,,True,1B,1,False,False,False,False,
777952,10,3,5e0c7337-4a8a-324d-803a-1bbfb29b2088,608348,Carson Kelly,,,,Lineout,field_out,,True,1B,2,False,False,False,False,
777952,11,1,3f3861fa-e3d2-3195-976a-7a7997809882,663538,Nico Hoerner,,,,Flyout,field_out,,True,1B,3,False,False,False,False,
777952,12,1,f02b965d-b15c-3099-b18b-0e7fb4a38739,656537,Derek Hill,,,,Groundout,field_out,,True,1B,1,False,False,False,False,
777952,13,6,591801b5-f923-308c-9018-858ef92f1646,689414,Liam Hicks,,,1B,Single,single,,False,,,False,False,False,False,
777952,14,4,635ad4ca-24eb-3204-8971-e763d1959c3b,688363,Graham Pauley,,,,Pop Out,field_out,,True,1B,2,False,False,False,False,
777952,15,6,98ecaa22-29b3-305a-8022-3b2790f24382,669364,Xavier Edwards,,,1B,Single,single,,False,,,False,False,False,False,
777952,15,6,98ecaa22-29b3-305a-8022-3b2790f24382,689414,Liam Hicks,1B,1B,2B,Single,single,r_adv_force,False,,,False,False,False,False,
777952,15,6,98ecaa22-29b3-305a-8022-3b2790f24382,689414,Liam Hicks,1B,2B,3B,Single,single,r_adv_play,False,,,False,False,False,False,
777952,16,0,67b5dfcf-d5d6-360c-8090-a38dcd592752,669364,Xavier Edwards,1B,1B,,Pickoff 1B,pickoff_1b,r_pickoff_1b,True,1B,3,False,False,False,False,
777952,17,5,a72e37e9-aee4-3d0b-9bd4-7be1f1fcbcb7,621020,Dansby Swanson,,,,Lineout,field_out,,True,1B,1,False,False,False,False,
777952,18,0,7620e953-ee18-3f3c-9f9f-eee2acbe55c9,665804,Miguel Amaya,,,2B,Double,double,,False,,,False,False,False,False,
777952,19,3,9962fb07-0f5f-37e2-9805-adff545b4664,542932,Jon Berti,,,,Lineout,field_out,,True,1B,2,False,False,False,False,
777952,20,7,9418696c-16fc-337b-90a7-be847736d13c,691718,Pete Crow-Armstrong,,,1B,Walk,walk,,False,,,False,False,False,False,
777952,21,4,d3241255-8928-31e0-bc64-275c03dc23c5,663656,Kyle Tucker,,,,Flyout,field_out,,True,1B,3,False,False,False,False,
777952,22,0,083790ee-f4e9-3c5f-9366-6956286fe25b,660821,Jesús Sánchez,,,,Groundout,field_out,,True,1B,1,False,False,False,False,
777952,23,2,9b07b080-fa21-38bc-8e78-55c0eb91246d,682663,Agustín Ramírez,,,,Pop Out,field_out,,True,1B,2,False,False,False,False,
777952,24,4,409b94dd-52a8-3861-994c-4eadc953a0ff,669065,Kyle Stowers,,,1B,Single,single,,False,,,False,False,False,False,
777952,25,1,e140e141-5ef5-34dd-85d1-5d0463c47211,670223,Matt Mervis,,,,Flyout,field_out,,True,1B,3,False,False,False,False,
777952,26,5,21182291-f1e9-327f-8506-706a09ebd095,673548,Seiya Suzuki,,,1B,Walk,walk,,False,,,False,False,False,False,
777952,27,0,219640b7-1fc9-346c-a244-92ab10581cc8,683737,Michael Busch,,,,Flyout,field_out,,True,1B,1,False,False,False,False,
777952,28,7,62623885-5e5e-37e6-8ebf-fd0240ad2c94,608348,Carson Kelly,,,,Flyout,field_out,,True,1B,2,False,False,False,False,
777952,29,4,5dc3230e-68ac-3dee-8b72-b8d89b714d35,673548,Seiya Suzuki,1B,1B,,Caught Stealing 2B,caught_stealing_2b,r_caught_stealing_2b,True,2B,3,False,False,False,False,
777952,30,3,3ac2e0cc-37f8-349b-a350-5a66c76ed3b6,682927,Ronny Simon,,,,Groundout,field_out,,True,1B,1,False,False,False,False,
777952,31,5,b52b97f6-a624-30b3-80bb-39334759890c,656537,Derek Hill,,,,Strikeout,strikeout,,True,1B,2,False,False,False,False,
777952,32,2,fb2bf2be-ad83-369b-b973-d89a7a3ae2df,689414,Liam Hicks,,,,Groundout,field_out,,True,1B,3,False,False,False,False,
777952,33,4,e9831175-2701-3290-a1ae-cb0be14c2f1f,663538,Nico Hoerner,,,1B,Single,single,,False,,,False,False,False,False,
777952,34,5,418534ca-474a-3aaf-b146-d931921f9bf8,663538,Nico Hoerner,1B,1B,2B,Stolen Base 2B,stolen_base_2b,r_stolen_base_2b,False,,,False,False,False,False,
777952,34,6,50fc0b94-b21b-3beb-96c1-df2b8c9080ea,621020,Dansby Swanson,,,score,Home Run,home_run,,False,,,True,True,True,False,615698
777952,34,6,50fc0b94-b21b-3beb-96c1-df2b8c9080ea,663538,Nico Hoerner,2B,2B,score,Home Run,home_run,r_adv_force,False,,,True,True,True,False,615698
777952,35,2,8a63c062-b4cb-355c-bae3-5c36657d0213,665804,Miguel Amaya,,,2B,Double,double,,False,,,False,False,False,False,
777952,36,1,0e45a2db-6d94-300d-ae1e-61bd911d8141,542932,Jon Berti,,,,Lineout,field_out,,True,1B,1,False,False,False,False,
777952,37,7,ca91d82c-71dd-3b3b-8f1f-1c52db872b10,691718,Pete Crow-Armstrong,,,,Strikeout,strikeout,,True,1B,2,False,False,False,False,
777952,38,3,3b897add-b93e-3529-a66c-3184f4b874e4,665804,Miguel Amaya,2B,2B,3B,Wild Pitch,wild_pitch,r_adv_play,False,,,False,False,False,False,
777952,38,4,86c4a206-19e6-3215-97e2-ed0e3e3c4ce9,663656,Kyle Tucker,,,3B,Triple,triple,,False,,,False,False,False,False,
777952,38,4,86c4a206-19e6-3215-97e2-ed0e3e3c4ce9,665804,Miguel Amaya,3B,3B,score,Triple,triple,r_adv_force,False,,,True,True,True,False,615698
777952,39,5,f464d186-cee2-337c-b4d6-fb5c458c02e0,673548,Seiya Suzuki,,,score,Home Run,home_run,,False,,,True,True,True,False,685107
777952,39,5,f464d186-cee2-337c-b4d6-fb5c458c02e0,663656,Kyle Tucker,3B,3B,score,Home Run,home_run,r_adv_force,False,,,True,True,True,False,685107
777952,40,5,3db6d1ec-0e0b-39a3-8f16-a880978f9714,683737,Michael Busch,,,,Strikeout,strikeout,,True,1B,3,False,False,False,False,
777952,41,2,9a124d15-62da-39f4-8339-8b068e65ddb1,688363,Graham Pauley,,,,Lineout,field_out,,True,1B,1,False,False,False,False,
777952,42,2,c02c608d-cf3f-3565-ab7f-d0b947588ccb,669364,Xavier Edwards,,,,Groundout,field_out,,True,1B,2,False,False,False,False,
777952,43,4,fdb63c8b-b1dd-3f04-8ea5-858c22c06ce3,660821,Jesús Sánchez,,,1B,Walk,walk,,False,,,False,False,False,False,
777952,44,4,651f7ce0-9c8e-3182-883a-f10204a8f8c5,682663,Agustín Ramírez,,,,Strikeout,strikeout,,True,1B,3,False,False,False,False,
777952,45,3,931f4fc9-98cb-322c-9603-9f3a776dc720,608348,Carson Kelly,,,,Groundout,field_out,,True,1B,1,False,False,False,False,
777952,46,3,07ce7954-b028-3033-ae97-2134cf1b61fe,663538,Nico Hoerner,,,,Groundout,field_out,,True,1B,2,False,False,False,False,
777952,47,3,b17da0bb-ed7a-3895-9c59-9aab89c75d84,621020,Dansby Swanson,,,1B,Single,single,,False,,,False,False,False,False,
777952,48,5,51183595-2d23-385b-9d78-67ee564897ae,665804,Miguel Amaya,,,1B,Single,single,,False,,,False,False,False,False,
777952,48,5,51183595-2d23-385b-9d78-67ee564897ae,621020,Dansby Swanson,1B,1B,2B,Single,single,r_adv_force,False,,,False,False,False,False,
777952,49,1,ac871762-fc37-3484-98bc-3d6036f94f0c,665804,Miguel Amaya,1B,1B,,Forceout,force_out,r_force_out,True,2B,3,False,False,False,False,
777952,49,1,ac871762-fc37-3484-98bc-3d6036f94f0c,542932,Jon Berti,,,1B,Forceout,force_out,,False,,,False,False,False,False,
777952,50,6,7b65dbb0-b063-355c-aa54-1d84fcf91748,669065,Kyle Stowers,,,1B,Walk,walk,,False,,,False,False,False,False,
777952,51,5,86f115a1-c64e-3fe5-850f-b7358a8ffe17,669065,Kyle Stowers,1B,1B,,Grounded Into DP,grounded_into_double_play,r_force_out,True,2B,1,False,False,False,False,
777952,51,5,86f115a1-c64e-3fe5-850f-b7358a8ffe17,670223,Matt Mervis,,,,Grounded Into DP,grounded_into_double_play,,True,1B,2,False,False,False,False,
777952,52,2,9693c13a-d575-39bd-b803-8f5612755c44,682927,Ronny Simon,,,1B,Single,single,,False,,,False,False,False,False,
777952,53,1,38d68e07-62fc-3f72-aaea-849e83a7778b,656537,Derek Hill,,,score,Home Run,home_run,,False,,,True,True,True,False,607067
777952,53,1,38d68e07-62fc-3f72-aaea-849e83a7778b,682927,Ronny Simon,1B,1B,score,Home Run,home_run,r_adv_force,False,,,True,True,True,False,607067
777952,54,3,f2c99f68-8523-37ae-ac8a-6036e95a19e3,689414,Liam Hicks,,,,Groundout,field_out,,True,1B,3,False,False,False,False,
777952,55,4,ee550833-6a57-3a28-8d7e-29b8982c61bc,691718,Pete Crow-Armstrong,,,,Pop Out,field_out,,True,1B,1,False,False,False,False,
777952,56,5,62861fc7-bbb4-33a2-8868-d44c8b0142ea,663656,Kyle Tucker,,,,Groundout,field_out,,True,1B,2,False,False,False,False,
777952,57,4,e9d25841-d3ae-3767-845a-58984b44adf2,673548,Seiya Suzuki,,,,Strikeout,strikeout,,True,1B,3,False,False,False,False,
777952,58,1,30f1b0c5-fbc5-3511-881e-411d0b395725,688363,Graham Pauley,,,,Pop Out,field_out,,True,1B,1,False,False,False,False,
777952,59,7,2b9824d8-795f-314d-998a-2a455c7cf428,669364,Xavier Edwards,,,,Strikeout,strikeout,,True,1B,2,False,False,False,False,
777952,60,5,ca7bc2fd-8c44-3872-a511-0afee901f03c,660821,Jesús Sánchez,,,1B,Walk,walk,,False,,,False,False,False,False,
777952,61,3,8399d7c8-95c2-353f-a5a1-07efab160093,682663,Agustín Ramírez,,,,Strikeout,strikeout,,True,1B,3,False,False,False,False,
777952,62,0,97e88d0c-7f4d-3a30-a16d-dbff07218a30,683737,Michael Busch,,,,Groundout,field_out,,True,1B,1,False,False,False,False,
777952,63,5,9274a8f0-520d-3d32-9553-f993fffd1acf,608348,Carson Kelly,,,1B,Walk,walk,,False,,,False,False,False,False,
777952,64,2,6357bf52-e97c-32f7-85c1-c25b23221ce2,663538,Nico Hoerner,,,,Lineout,field_out,,True,1B,2,False,False,False,False,
777952,65,8,2e7a4975-9275-3818-b664-084d830a3f81,621020,Dansby Swanson,,,,Flyout,field_out,,True,1B,3,False,False,False,False,
777952,66,7,18ff1847-51d0-3b90-9efa-2c457cf9800e,669065,Kyle Stowers,,,,Strikeout,strikeout,,True,1B,1,False,False,False,False,
777952,67,3,d149f05e-369c-383d-a46a-621511f9cced,676572,Eric Wagaman,,,,Flyout,field_out,,True,1B,2,False,False,False,False,
777952,68,2,610e9a19-7063-3db6-82c1-3d570314e4ba,681393,Connor Norby,,,1B,Single,single,,False,,,False,False,False,False,
777952,69,5,1749c84c-0bd3-3d7a-9067-c390f26a4149,681393,Connor Norby,1B,1B,2B,Defensive Indiff,defensive_indiff,r_defensive_indiff,False,,,False,False,False,False,
777952,69,7,b847db2f-3caa-3f01-8be0-320a208b77df,656537,Derek Hill,,,,Strikeout,strikeout,,True,1B,3,False,False,False,False,
777949,0,6,2c8ae888-3494-35da-8a57-3aac3a6a373a,686668,Brenton Doyle,,,,Pop Out,field_out,,True,1B,1,False,False,False,False,
777949,1,5,2bdc58c8-3e3b-3d89-9e68-b0aae06f7303,687597,Jordan Beck,,,,Pop Out,field_out,,True,1B,2,False,False,False,False,
777949,2,0,86bc96b7-1e3a-3b60-adae-57b8953d5478,641857,Ryan McMahon,,,,Flyout,field_out,,True,1B,3,False,False,False,False,
777949,3,4,32c5341c-d3f9-3734-b819-a28bf7b5f5ac,694497,Evan Carter,,,1B,Walk,walk,,False,,,False,False,False,False,
777949,4,7,ab782634-2985-362f-932e-5b0068c008ec,694671,Wyatt Langford,,,,Strikeout,strikeout,,True,1B,1,False,False,False,False,
777949,4,7,ab782634-2985-362f-932e-5b0068c008ec,694497,Evan Carter,1B,1B,2B,Stolen Base 2B,stolen_base_2b,r_stolen_base_2b,False,,,False,False,False,False,
777949,5,2,e767d4f5-aba0-344a-8bb5-e3e3617e80c4,592626,Joc Pederson,,,,Lineout,field_out,,True,1B,2,False,False,False,False,
777949,5,2,e767d4f5-aba0-344a-8bb5-e3e3617e80c4,694497,Evan Carter,2B,2B,3B,Lineout,field_out,r_adv_play,False,,,False,False,False,False,
777949,6,2,f37ee8f9-6605-3a20-81d3-722676a16a76,666969,Adolis García,,,,Strikeout,strikeout,,True,1B,3,False,False,False,False,
777949,7,0,9fe78cea-b524-30fd-a132-d8b2973e6b55,696100,Hunter Goodman,,,1B,Single,single,,False,,,False,False,False,False,
777949,8,3,df0b7287-ebe4-3556-844a-447037519e21,669911,Michael Toglia,,,,Lineout,field_out,,True,1B,1,False,False,False,False,
777949,9,5,c2a86339-8069-3a8b-833b-c8ee2c38de89,666160,Mickey Moniak,,,,Strikeout,strikeout,,True,1B,2,False,False,False,False,
777949,10,2,2cbb649f-6f8b-4041-8e51-0d925d3cf8b4,696100,Hunter Goodman,1B,1B,2B,Balk,balk,r_adv_play,False,,,False,False,False,False,
777949,10,11,64aac024-a45e-357e-84d4-093120066543,605361,Nick Martini,,,1B,Single,single,,False,,,False,False,False,False,
777949,10,11,64aac024-a45e-357e-84d4-093120066543,696100,Hunter Goodman,2B,2B,score,Single,single,r_adv_play,False,,,True,True,True,False,641816
777949,11,0,927f8609-1933-37d5-85cf-6c7544ca0ae3,691182,Adael Amador,,,,Pop Out,field_out,,True,1B,3,False,False,False,False,
777949,12,5,1c0190f9-80a7-3494-9fc4-267ca24c5f10,543760,Marcus Semien,,,,Strikeout,strikeout,,True,1B,1,False,False,False,False,
777949,13,4,888e8c0f-103f-3901-b711-2833279342f1,673962,Josh Jung,,,,Strikeout,strikeout,,True,1B,2,False,False,False,False,
777949,14,2,0d57fe21-2533-30c6-95c0-1b8002cc495b,669394,Jake Burger,,,,Strikeout,strikeout,,True,1B,3,False,False,False,False,
777949,15,1,f662015b-f6a1-3dca-b6ca-8d1fed913741,676701,Alan Trejo,,,,Groundout,field_out,,True,1B,1,False,False,False,False,
777949,16,1,4cadb401-4f0d-37c0-9e8d-b6f6b722b888,686668,Brenton Doyle,,,1B,Single,single,,False,,,False,False,False,False,
777949,17,3,356e97d6-ea14-39c5-981d-bbb479f531c2,686668,Brenton Doyle,1B,1B,2B,Walk,walk,r_adv_force,False,,,False,False,False,False,
777949,17,3,356e97d6-ea14-39c5-981d-bbb479f531c2,687597,Jordan Beck,,,1B,Walk,walk,,False,,,False,False,False,False,
777949,18,4,4db7b822-9e35-3b72-9191-57ec31e3a72d,687597,Jordan Beck,1B,1B,,Grounded Into DP,grounded_into_double_play,r_force_out,True,2B,2,False,False,False,False,
777949,18,4,4db7b822-9e35-3b72-9191-57ec31e3a72d,641857,Ryan McMahon,,,,Grounded Into DP,grounded_into_double_play,,True,1B,3,False,False,False,False,
777949,19,1,f2d60bcf-36b1-3f9e-aeab-93717c7d6bae,571466,Tucker Barnhart,,,,Flyout,field_out,,True,1B,1,False,False,False,False,
777949,20,4,723674de-e100-3bc3-843d-485f7bb61028,677649,Ezequiel Duran,,,,Flyout,field_out,,True,1B,2,False,False,False,False,
777949,21,5,6ff8a933-4e0d-3425-819a-fa4dc3d77f26,694497,Evan Carter,,,,Flyout,field_out,,True,1B,3,False,False,False,False,
777949,22,4,177c7808-65f4-334f-b2b9-04d1eba79a5b,696100,Hunter Goodman,,,,Strikeout,strikeout,,True,1B,1,False,False,False,False,
777949,23,0,d6ea45da-e2ee-3d4c-bb3e-674a9b01111c,669911,Michael Toglia,,,,Lineout,field_out,,True,1B,2,False,False,False,False,
777949,24,2,b894a7ab-d9d4-313c-a80e-626c4ff04d39,666160,Mickey Moniak,,,,Flyout,field_out,,True,1B,3,False,False,False,False,
777949,25,4,16f9317f-8405-35c8-87b2-3c40fa7cc9bb,694671,Wyatt Langford,,,,Groundout,field_out,,True,1B,1,False,False,False,False,
777949,26,2,fb50bf3d-5689-3bcf-8e87-a2da831d47ed,592626,Joc Pederson,,,,Flyout,field_out,,True,1B,2,False,False,False,False,
777949,27,1,1ad4fa8d-1213-3cd7-a65e-cd4aa151cd1b,666969,Adolis García,,,,Flyout,field_out,,True,1B,3,False,False,False,False,
777949,28,3,bc911dfd-04c3-3696-b3cf-99f824ddc2b1,605361,Nick Martini,,,,Groundout,field_out,,True,1B,1,False,False,False,False,
777949,29,7,889f1621-fa98-39ae-bbbe-ad9ac94b282c,691182,Adael Amador,,,,Strikeout,strikeout,,True,1B,2,False,False,False,False,
777949,30,5,f84ba6d6-80ed-305e-a34d-01247796843c,676701,Alan Trejo,,,,Groundout,field_out,,True,1B,3,False,False,False,False,
777949,31,2,2bee2ef5-434c-389c-88e6-b8db8726942f,543760,Marcus Semien,,,,Groundout,field_out,,True,1B,1,False,False,False,False,
777949,32,0,b326c52d-bfba-35a0-b133-96c04b5a82bc,673962,Josh Jung,,,,Flyout,field_out,,True,1B,2,False,False,False,False,
777949,33,6,3fe4fc2b-2fd4-35c7-85b2-ee904d13091a,669394,Jake Burger,,,,Lineout,field_out,,True,1B,3,False,False,False,False,
777949,34,3,c8d73915-62f6-3295-a387-c7d13732f062,686668,Brenton Doyle,,,,Groundout,field_out,,True,1B,1,False,False,False,False,
777949,35,4,e347d037-a740-3263-b1b9-65695025577c,687597,Jordan Beck,,,,Strikeout,strikeout,,True,1B,2,False,False,False,False,
777949,36,3,04c3fc51-18db-3b5e-b2ce-e01dc73fd7ed,641857,Ryan McMahon,,,,Groundout,field_out,,True,1B,3,False,False,False,False,
777949,37,5,52fb59f3-54f7-3892-95ea-6b1ae88aa796,571466,Tucker Barnhart,,,1B,Walk,walk,,False,,,False,False,False,False,
777949,38,3,a238e61e-bc0d-32c2-b854-123254e1a92f,571466,Tucker Barnhart,1B,1B,,Forceout,force_out,r_force_out,True,2B,1,False,False,False,False,
777949,38,3,a238e61e-bc0d-32c2-b854-123254e1a92f,677649,Ezequiel Duran,,,1B,Forceout,force_out,,False,,,False,False,False,False,
777949,39,3,b6d2f70f-d9aa-3de7-9fa2-de8e121d6a49,694497,Evan Carter,,,,Strikeout,strikeout,,True,1B,2,False,False,False,False,
777949,40,1,54bcafe0-c1b2-3a42-8e1e-fc4dd4e715e2,694671,Wyatt Langford,,,score,Home Run,home_run,,False,,,True,True,True,False,801403
777949,40,1,54bcafe0-c1b2-3a42-8e1e-fc4dd4e715e2,677649,Ezequiel Duran,1B,1B,score,Home Run,home_run,r_adv_force,False,,,True,True,True,False,801403
777949,41,5,5b00c3cd-da0a-3e4d-8209-79d25da35069,592626,Joc Pederson,,,1B,Walk,walk,,False,,,False,False,False,False,
777949,42,4,389b4333-fdee-3688-b7ce-f49c1b3c048d,666969,Adolis García,,,,Strikeout,strikeout,,True,1B,3,False,False,False,False,
777949,43,2,06a9e366-fc1d-34c3-8499-6c3c2a073844,696100,Hunter Goodman,,,2B,Double,double,,False,,,False,False,False,False,
777949,44,2,cc780f0c-c897-303c-8c43-e7f1ac4bb2d6,669911,Michael Toglia,,,,Strikeout,strikeout,,True,1B,1,False,False,False,False,
777949,45,5,0029a289-ce22-3d02-bbab-851654c8f3da,656248,Sean Bouchard,,,,Flyout,field_out,,True,1B,2,False,False,False,False,
777949,45,5,0029a289-ce22-3d02-bbab-851654c8f3da,696100,Hunter Goodman,2B,2B,3B,Flyout,field_out,r_adv_play,False,,,False,False,False,False,
777949,46,5,65ed264d-a19d-320c-995b-ba3a478f36bc,571657,Kyle Farmer,,,1B,Walk,walk,,False,,,False,False,False,False,
777949,47,7,a5a49a5a-d809-3cc8-be19-18bbb91c1e46,691182,Adael Amador,,,,Strikeout,strikeout,,True,1B,3,False,False,False,False,
777949,48,5,0a541516-25f5-3ca0-9529-984f048fcbf6,543760,Marcus Semien,,,,Pop Out,field_out,,True,1B,1,False,False,False,False,
777949,49,1,641e1240-424f-37ca-accc-011f4f571667,673962,Josh Jung,,,1B,Single,single,,False,,,False,False,False,False,
777949,50,0,8da07dbf-2892-3d5a-a95e-bde9449e889a,669394,Jake Burger,,,1B,Single,single,,False,,,False,False,False,False,
777949,50,0,8da07dbf-2892-3d5a-a95e-bde9449e889a,673962,Josh Jung,1B,1B,2B,Single,single,r_adv_force,False,,,False,False,False,False,
777949,51,4,ae5e04e0-8f79-3e14-978d-70dfd4944aa4,669394,Jake Burger,1B,1B,,Grounded Into DP,grounded_into_double_play,r_force_out,True,2B,2,False,False,False,False,
777949,51,4,ae5e04e0-8f79-3e14-978d-70dfd4944aa4,571466,Tucker Barnhart,,,,Grounded Into DP,grounded_into_double_play,,True,1B,3,False,False,False,False,
777949,52,2,fd0e9494-6b02-32fb-a76e-f0568362ed03,676701,Alan Trejo,,,,Flyout,field_out,,True,1B,1,False,False,False,False,
777949,53,1,561d8764-3bb4-3c63-96a7-27b052a55770,686668,Brenton Doyle,,,,Lineout,field_out,,True,1B,2,False,False,False,False,
777949,54,2,8843a83a-28f4-3803-b491-5e93fde4bb0c,687597,Jordan Beck,,,,Strikeout,strikeout,,True,1B,3,False,False,False,False,
777949,55,4,6506b9f8-bcd8-3374-858c-f6f0f8787e55,677649,Ezequiel Duran,,,,Strikeout,strikeout,,True,1B,1,False,False,False,False,
777949,56,2,ab465975-0e4f-3ab4-a177-dd583817b613,694497,Evan Carter,,,,Groundout,field_out,,True,1B,2,False,False,False,False,
777949,57,1,4227f51e-f304-3c4e-bc4a-45d46233ccd6,694671,Wyatt Langford,,,,Lineout,field_out,,True,1B,3,False,False,False,False,
777949,58,1,6c0141db-46e7-3491-a15f-c9bd4dbbdcf2,641857,Ryan McMahon,,,1B,Single,single,,False,,,False,False,False,False,
777949,59,2,2460b103-81e0-37d0-bafb-0fd471c52337,641857,Ryan McMahon,1B,1B,,Forceout,force_out,r_force_out,True,2B,1,False,False,False,False,
777949,59,2,2460b103-81e0-37d0-bafb-0fd471c52337,696100,Hunter Goodman,,,1B,Forceout,force_out,,False,,,False,False,False,False,
777949,60,2,476e0f41-2996-3766-b1e0-e5d63afb6c4c,669911,Michael Toglia,,,1B,Single,single,,False,,,False,False,False,False,
777949,60,2,476e0f41-2996-3766-b1e0-e5d63afb6c4c,696100,Hunter Goodman,1B,1B,2B,Single,single,r_adv_force,False,,,False,False,False,False,
777949,61,5,926a77ac-d9da-3329-81ff-f3f0a9e714dd,696100,Hunter Goodman,2B,2B,3B,Walk,walk,r_adv_force,False,,,False,False,False,False,
777949,61,5,926a77ac-d9da-3329-81ff-f3f0a9e714dd,680911,Owen Miller,1B,1B,2B,Walk,walk,r_adv_force,False,,,False,False,False,False,
777949,61,5,926a77ac-d9da-3329-81ff-f3f0a9e714dd,656248,Sean Bouchard,,,1B,Walk,walk,,False,,,False,False,False,False,
777949,62,2,69b8d1db-0739-3593-bed2-21dfab07ba25,680911,Owen Miller,2B,2B,,Grounded Into DP,grounded_into_double_play,r_force_out,True,3B,2,False,False,False,False,
777949,62,2,69b8d1db-0739-3593-bed2-21dfab07ba25,571657,Kyle Farmer,,,,Grounded Into DP,grounded_into_double_play,,True,1B,3,False,False,False,False,
777948,0,8,db1a7a94-82cb-3435-b15c-f5973266ba3f,663697,Jonathan India,,,,Groundout,field_out,,True,1B,1,False,False,False,False,
777948,1,1,ac9b276e-01ce-30de-b03e-309e9103c7f9,677951,Bobby Witt Jr.,,,1B,Single,single,,False,,,False,False,False,False,
777948,2,0,cafa4875-0ee3-3444-b199-20def8241560,677951,Bobby Witt Jr.,1B,1B,2B,Fielders Choice,fielders_choice,r_adv_force,False,,,False,False,False,False,
777948,2,0,cafa4875-0ee3-3444-b199-20def8241560,686469,Vinnie Pasquantino,,,1B,Fielders Choice,fielders_choice,,False,,,False,False,False,False,
777948,3,5,43b33bcf-0515-391f-99a2-51c879c69031,521692,Salvador Perez,,,,Strikeout,strikeout,,True,1B,2,False,False,False,False,
777948,4,3,65758270-7d0a-3405-9ecb-8ee010bfe442,672580,Maikel Garcia,,,,Lineout,field_out,,True,1B,3,False,False,False,False,
777948,5,4,be6d68d1-9419-3623-9232-ec19dae6e83c,665161,Jeremy Peña,,,,Flyout,field_out,,True,1B,1,False,False,False,False,
777948,6,2,a647b90a-9f4a-3583-9e43-9607623b97a0,514888,Jose Altuve,,,,Strikeout,strikeout,,True,1B,2,False,False,False,False,
777948,7,4,5b4ceda4-c158-34e8-8147-d379210a7451,670623,Isaac Paredes,,,1B,Walk,walk,,False,,,False,False,False,False,
777948,8,6,5003e83d-4dd7-399a-9b0d-6dc54f920277,670623,Isaac Paredes,1B,1B,,Forceout,force_out,r_force_out,True,2B,3,False,False,False,False,
777948,8,6,5003e83d-4dd7-399a-9b0d-6dc54f920277,572233,Christian Walker,,,1B,Forceout,force_out,,False,,,False,False,False,False,
777948,9,2,8abae439-f7fa-3e6d-bc87-f9c4d26be10f,686681,Michael Massey,,,score,Home Run,home_run,,False,,,True,True,True,False,687473
777948,10,2,79f0864a-0f2e-3c98-878d-2e14c3644a3d,624415,Cavan Biggio,,,,Flyout,field_out,,True,1B,1,False,False,False,False,
777948,11,3,353cd1cd-5cbd-3c38-9a0b-c19af8ba39c2,671221,Drew Waters,,,,Groundout,field_out,,True,1B,2,False,False,False,False,
777948,12,3,203a635b-8e12-357e-ac14-11f390e83153,664728,Kyle Isbel,,,2B,Double,double,,False,,,False,False,False,False,
777948,13,8,b81654f1-6cf4-31aa-846e-ea59947e9860,663697,Jonathan India,,,1B,Single,single,,False,,,False,False,False,False,
777948,13,8,b81654f1-6cf4-31aa-846e-ea59947e9860,664728,Kyle Isbel,2B,2B,score,Single,single,r_adv_play,False,,,True,True,True,False,687473
777948,14,4,d0f32093-677b-3f82-8ce9-583cc3d5cfbb,677951,Bobby Witt Jr.,,,3B,Triple,triple,,False,,,False,False,False,False,
777948,14,4,d0f32093-677b-3f82-8ce9-583cc3d5cfbb,663697,Jonathan India,1B,1B,score,Triple,triple,r_adv_force,False,,,True,True,True,False,687473
777948,15,2,d76280d6-175c-35cd-995e-c95d4219986a,686469,Vinnie Pasquantino,,,1B,Single,single,,False,,,False,False,False,False,
777948,15,2,d76280d6-175c-35cd-995e-c95d4219986a,677951,Bobby Witt Jr.,3B,3B,score,Single,single,r_adv_play,False,,,True,True,True,False,687473
777948,16,3,70afa759-1d6e-3a5f-b2da-8cdb442e8579,521692,Salvador Perez,,,,Strikeout,strikeout,,True,1B,3,False,False,False,False,
777948,17,2,ad7b0739-3c96-30ec-97a6-3cd33af3648d,673237,Yainer Diaz,,,1B,Field Error,field_error,,False,,,False,False,False,False,
777948,18,1,791ef713-fc1f-3b26-816d-465754a768a7,605170,Victor Caratini,,,,Flyout,field_out,,True,1B,1,False,False,False,False,
777948,19,0,60a629df-09e0-3a15-b074-44dd412c3c73,673237,Yainer Diaz,1B,1B,,Grounded Into DP,grounded_into_double_play,r_force_out,True,2B,2,False,False,False,False,
777948,19,0,60a629df-09e0-3a15-b074-44dd412c3c73,676694,Jake Meyers,,,,Grounded Into DP,grounded_into_double_play,,True,1B,3,False,False,False,False,
777948,20,2,adff3ee1-1d71-3caa-a394-7ee8f2087d23,672580,Maikel Garcia,,,,Pop Out,field_out,,True,1B,1,False,False,False,False,
777948,21,3,4226da03-cbfb-3dc3-846f-88dc2ea24ee4,686681,Michael Massey,,,1B,Walk,walk,,False,,,False,False,False,False,
777948,22,5,af6b95f7-cfba-3678-a7ee-500a8877a6f5,686681,Michael Massey,1B,1B,2B,Walk,walk,r_adv_force,False,,,False,False,False,False,
777948,22,5,af6b95f7-cfba-3678-a7ee-500a8877a6f5,624415,Cavan Biggio,,,1B,Walk,walk,,False,,,False,False,False,False,
777948,23,1,9fd98588-ff6a-3a0c-8442-e4fcc9a8c28e,671221,Drew Waters,,,1B,Single,single,,False,,,False,False,False,False,
777948,23,1,9fd98588-ff6a-3a0c-8442-e4fcc9a8c28e,686681,Michael Massey,2B,2B,3B,Single,single,r_adv_force,False,,,False,False,False,False,
777948,23,1,9fd98588-ff6a-3a0c-8442-e4fcc9a8c28e,686681,Michael Massey,2B,3B,score,Single,single,r_adv_play,False,,,True,True,True,False,687473
777948,23,1,9fd98588-ff6a-3a0c-8442-e4fcc9a8c28e,624415,Cavan Biggio,1B,1B,2B,Single,single,r_adv_force,False,,,False,False,False,False,
777948,23,1,9fd98588-ff6a-3a0c-8442-e4fcc9a8c28e,624415,Cavan Biggio,1B,2B,3B,Single,single,r_adv_play,False,,,False,False,False,False,
777948,24,6,87186d0b-85ca-330d-b309-07771edeec3f,671221,Drew Waters,1B,1B,2B,Walk,walk,r_adv_force,False,,,False,False,False,False,
777948,24,6,87186d0b-85ca-330d-b309-07771edeec3f,664728,Kyle Isbel,,,1B,Walk,walk,,False,,,False,False,False,False,
777948,25,7,1cbfab29-b900-3bb8-bc23-93b843fc04b3,663697,Jonathan India,,,1B,Single,single,,False,,,False,False,False,False,
777948,25,7,1cbfab29-b900-3bb8-bc23-93b843fc04b3,624415,Cavan Biggio,3B,3B,score,Single,single,r_adv_force,False,,,True,True,True,False,687473
777948,25,7,1cbfab29-b900-3bb8-bc23-93b843fc04b3,671221,Drew Waters,2B,2B,3B,Single,single,r_adv_force,False,,,False,False,False,False,
777948,25,7,1cbfab29-b900-3bb8-bc23-93b843fc04b3,664728,Kyle Isbel,1B,1B,2B,Single,single,r_adv_force,False,,,False,False,False,False,
777948,26,0,556effe5-87c6-3f2c-a0f5-f838f4391dfb,677951,Bobby Witt Jr.,,,,Sac Fly,sac_fly,,True,1B,2,False,False,False,False,
777948,26,0,556effe5-87c6-3f2c-a0f5-f838f4391dfb,671221,Drew Waters,3B,3B,score,Sac Fly,sac_fly,r_adv_play,False,,,True,True,True,False,687473
777948,27,1,397e3f71-6572-37d9-bb45-20f6da5b9c56,686469,Vinnie Pasquantino,,,,Groundout,field_out,,True,1B,3,False,False,False,False,
777948,28,5,ea1e0374-8b2a-32c3-b7c1-fa663f627852,701305,Zach Dezenzo,,,,Strikeout,strikeout,,True,1B,1,False,False,False,False,
777948,29,4,060a6b1c-8595-374c-be5b-bdf085eb87d2,701358,Cam Smith,,,1B,Walk,walk,,False,,,False,False,False,False,
777948,30,1,53315fb2-0b63-31f7-9d83-e9240667b5da,665161,Jeremy Peña,,,1B,Single,single,,False,,,False,False,False,False,
777948,30,1,53315fb2-0b63-31f7-9d83-e9240667b5da,701358,Cam Smith,1B,1B,2B,Single,single,r_adv_force,False,,,False,False,False,False,
777948,31,3,ca0f67f3-f889-35ea-899a-2ff5ffa1ee69,514888,Jose Altuve,,,1B,Single,single,,False,,,False,False,False,False,
777948,31,3,ca0f67f3-f889-35ea-899a-2ff5ffa1ee69,701358,Cam Smith,2B,2B,3B,Single,single,r_adv_force,False,,,False,False,False,False,
777948,31,3,ca0f67f3-f889-35ea-899a-2ff5ffa1ee69,665161,Jeremy Peña,1B,1B,2B,Single,single,r_adv_force,False,,,False,False,False,False,
777948,32,3,0d797e12-ff59-3a55-8cf1-bac1d8c95cc7,514888,Jose Altuve,1B,1B,,Grounded Into DP,grounded_into_double_play,r_force_out,True,2B,2,False,False,False,False,
777948,32,3,0d797e12-ff59-3a55-8cf1-bac1d8c95cc7,670623,Isaac Paredes,,,,Grounded Into DP,grounded_into_double_play,,True,1B,3,False,False,False,False,
777948,33,2,526f2284-989e-30db-8c71-1660697662cc,521692,Salvador Perez,,,,Flyout,field_out,,True,1B,1,False,False,False,False,
777948,34,7,1fd9aa95-22c7-35f3-a540-b72bb5e062e2,672580,Maikel Garcia,,,,Strikeout,strikeout,,True,1B,2,False,False,False,False,
777948,35,0,620961c8-f7c3-39cf-92b8-149404865747,686681,Michael Massey,,,,Lineout,field_out,,True,1B,3,False,False,False,False,
777948,36,0,10dc8dbc-2252-3bab-b80b-af703893aaf8,572233,Christian Walker,,,,Pop Out,field_out,,True,1B,1,False,False,False,False,
777948,37,1,baa68595-f7b9-314b-97b4-9df770b398dc,673237,Yainer Diaz,,,,Flyout,field_out,,True,1B,2,False,False,False,False,
777948,38,4,93ddac7d-7eab-330b-ab2c-6f88f9647995,605170,Victor Caratini,,,1B,Single,single,,False,,,False,False,False,False,
777948,39,1,560300d2-a8b7-35f1-a574-a7c4a32ec4f5,676694,Jake Meyers,,,,Groundout,field_out,,True,1B,3,False,False,False,False,
777948,40,4,493e9918-4baf-3268-85cb-4c62ce06a4f9,624415,Cavan Biggio,,,,Lineout,field_out,,True,1B,1,False,False,False,False,
777948,41,2,36d62a94-91e1-3b6e-adcd-3b2881c21d28,671221,Drew Waters,,,,Lineout,field_out,,True,1B,2,False,False,False,False,
777948,42,5,3815ecbe-a4d3-36fc-84ab-9e78469e024a,664728,Kyle Isbel,,,,Pop Out,field_out,,True,1B,3,False,False,False,False,
777948,43,5,fb21b586-905a-38ef-a051-64a352789de4,701305,Zach Dezenzo,,,,Lineout,field_out,,True,1B,1,False,False,False,False,
777948,44,1,1de7f2f1-c8b5-3cee-beb0-b25007361bae,701358,Cam Smith,,,,Lineout,field_out,,True,1B,2,False,False,False,False,
777948,45,0,001f254d-480a-379b-83a4-894b1c6e00c0,665161,Jeremy Peña,,,1B,Single,single,,False,,,False,False,False,False,
777948,46,4,0b37b53b-8912-354a-a946-238292df8d08,514888,Jose Altuve,,,,Pop Out,field_out,,True,1B,3,False,False,False,False,
777948,47,1,5091ce1d-64cb-38c6-acdd-e74794b8a8b6,663697,Jonathan India,,,1B,Single,single,,False,,,False,False,False,False,
777948,48,2,4b54545d-fea4-3492-97a4-87447b239986,677951,Bobby Witt Jr.,,,,Flyout,field_out,,True,1B,1,False,False,False,False,
777948,49,3,2a2fc234-0af0-3dde-ae21-f7b14ca0d124,686469,Vinnie Pasquantino,,,,Lineout,field_out,,True,1B,2,False,False,False,False,
777948,50,6,67824ff8-a33b-369a-a77f-e9c9f93f72d9,521692,Salvador Perez,,,,Strikeout,strikeout,,True,1B,3,False,False,False,False,
777948,51,2,53568d72-ccfa-3a4c-81cf-5718c8225c29,670623,Isaac Paredes,,,,Flyout,field_out,,True,1B,1,False,False,False,False,
777948,52,4,45f31b57-0ce5-3d67-9726-cd6d873419ce,572233,Christian Walker,,,,Strikeout,strikeout,,True,1B,2,False,False,False,False,
777948,53,0,538a5685-e3f7-3779-adee-298e240f5813,673237,Yainer Diaz,,,1B,Single,single,,False,,,False,False,False,False,
777948,54,4,6013cf8f-3124-3d92-be59-0acd7f85661c,605170,Victor Caratini,,,,Groundout,field_out,,True,1B,3,False,False,False,False,
777948,55,5,63bd9f85-532d-3455-bc45-5c015de2f39e,672580,Maikel Garcia,,,,Groundout,field_out,,True,1B,1,False,False,False,False,
777948,56,1,d9f8d2b1-8a2c-3c54-82bd-96f67b76d144,686681,Michael Massey,,,,Pop Out,field_out,,True,1B,2,False,False,False,False,
777948,57,7,ed4026d8-ed34-32a5-96ce-79c41fb83e4a,624415,Cavan Biggio,,,,Flyout,field_out,,True,1B,3,False,False,False,False,
777948,58,2,13dd750a-1799-3797-861b-1f50d8e9d71d,676694,Jake Meyers,,,2B,Double,double,,False,,,False,False,False,False,
777948,59,0,f9c3433f-f474-3d5f-975a-7067be89ccfb,701305,Zach Dezenzo,,,2B,Double,double,,False,,,False,False,False,False,
777948,59,0,f9c3433f-f474-3d5f-975a-7067be89ccfb,676694,Jake Meyers,2B,2B,3B,Double,double,r_adv_force,False,,,False,False,False,False,
777948,59,0,f9c3433f-f474-3d5f-975a-7067be89ccfb,676694,Jake Meyers,2B,3B,score,Double,double,r_adv_play,False,,,True,True,True,False,608379
777948,60,0,2c2868b5-ca2a-38a1-9d7e-a18c033e40cf,701358,Cam Smith,,,1B,Single,single,,False,,,False,False,False,False,
777948,60,0,2c2868b5-ca2a-38a1-9d7e-a18c033e40cf,701305,Zach Dezenzo,2B,2B,3B,Single,single,r_adv_play,False,,,False,False,False,False,
777948,61,5,f4c2d2ce-1bf9-34c7-908d-554e2d65f76f,665161,Jeremy Peña,,,,Sac Fly,sac_fly,,True,1B,1,False,False,False,False,
777948,61,5,f4c2d2ce-1bf9-34c7-908d-554e2d65f76f,701305,Zach Dezenzo,3B,3B,score,Sac Fly,sac_fly,r_adv_play,False,,,True,True,True,False,608379
777948,62,8,ce99f7fb-6bd0-3b71-bb59-a59fce123a32,514888,Jose Altuve,,,,Strikeout,strikeout,,True,1B,2,False,False,False,False,
777948,63,3,fa6aabc0-e95c-33f1-9e98-55cd270cb9a2,701358,Cam Smith,1B,1B,2B,Walk,walk,r_adv_force,False,,,False,False,False,False,
777948,63,3,fa6aabc0-e95c-33f1-9e98-55cd270cb9a2,670623,Isaac Paredes,,,1B,Walk,walk,,False,,,False,False,False,False,
777948,64,5,49a96ca2-d4af-317b-8dfd-245dceb0259c,572233,Christian Walker,,,,Strikeout,strikeout,,True,1B,3,False,False,False,False,
777948,65,1,824223e7-8566-32d4-bcdc-c8a5c40cad9b,671221,Drew Waters,,,,Pop Out,field_out,,True,1B,1,False,False,False,False,
777948,66,2,038f2894-b294-3d3b-9874-23b928ae64bb,664728,Kyle Isbel,,,1B,Single,single,,False,,,False,False,False,False,
777948,67,6,00f768cb-8c3c-3620-878e-743757681695,663697,Jonathan India,,,,Flyout,field_out,,True,1B,2,False,False,False,False,
777948,68,0,5fef0896-1437-36d3-94b0-bd3aa3ae4a48,677951,Bobby Witt Jr.,,,,Flyout,field_out,,True,1B,3,False,False,False,False,
777948,69,3,43caec60-1067-3280-8049-88da91810d1f,673237,Yainer Diaz,,,2B,Double,double,,False,,,False,False,False,False,
777948,70,0,f82a5ad1-74c1-31ca-8a02-4874283dd8ea,605170,Victor Caratini,,,1B,Hit By Pitch,hit_by_pitch,,False,,,False,False,False,False,
777948,71,2,3d752c1f-6de8-31f2-be7d-6b2b2eadaa94,673237,Yainer Diaz,2B,2B,3B,Wild Pitch,wild_pitch,r_adv_play,False,,,False,False,False,False,
777948,71,2,3d752c1f-6de8-31f2-be7d-6b2b2eadaa94,605170,Victor Caratini,1B,1B,2B,Wild Pitch,wild_pitch,r_adv_play,False,,,False,False,False,False,
777948,71,3,de8d7da4-eb6f-3b42-8167-f51466c65c21,676694,Jake Meyers,,,1B,Single,single,,False,,,False,False,False,False,
777948,71,3,de8d7da4-eb6f-3b42-8167-f51466c65c21,676694,Jake Meyers,,1B,2B,Single,single,r_adv_play,False,,,False,False,False,False,
777948,71,3,de8d7da4-eb6f-3b42-8167-f51466c65c21,605170,Victor Caratini,2B,2B,score,Error,error,r_adv_play,False,,,True,False,True,False,674444
777948,71,3,de8d7da4-eb6f-3b42-8167-f51466c65c21,673237,Yainer Diaz,3B,3B,score,Error,error,r_adv_play,False,,,True,True,True,False,674444
777948,72,2,fa7f658b-cca0-385b-aa18-c1fb6c5fe67e,701305,Zach Dezenzo,,,,Strikeout,strikeout,,True,1B,1,False,False,False,False,
777948,73,7,ad7e532d-6bea-3d94-a547-e206edcf6cab,676694,Jake Meyers,2B,2B,3B,Wild Pitch,wild_pitch,r_adv_play,False,,,False,False,False,False,
777948,73,8,9506c9d4-51c8-33d3-b120-cff1f065e2d3,701358,Cam Smith,,,,Groundout,field_out,,True,1B,2,False,False,False,False,
777948,73,8,9506c9d4-51c8-33d3-b120-cff1f065e2d3,676694,Jake Meyers,3B,3B,score,Groundout,field_out,r_adv_play,False,,,True,True,False,True,674444
777948,74,2,1c762f0c-b997-3832-8a0c-40339802c101,665161,Jeremy Peña,,,,Flyout,field_out,,True,1B,3,False,False,False,False,
777948,75,3,f2fa2629-a75a-3802-983d-b4775df46132,686469,Vinnie Pasquantino,,,1B,Single,single,,False,,,False,False,False,False,
777948,76,7,9f42ed5c-f3c3-3b73-8dfa-50703a0dd8f5,521692,Salvador Perez,,,,Flyout,field_out,,True,1B,1,False,False,False,False,
777948,77,0,9ab139fe-714b-39f6-8a85-8e672b498bb3,672580,Maikel Garcia,,,,Lineout,field_out,,True,1B,2,False,False,False,False,
777948,78,1,82ff9f77-46a5-3879-9b56-c8bb41e31302,686681,Michael Massey,,,,Groundout,field_out,,True,1B,3,False,False,False,False,
777948,79,4,178e65f9-c904-31ae-ac24-06c91811231a,514888,Jose Altuve,,,1B,Single,single,,False,,,False,False,False,False,
777948,80,4,b490df5f-f9b8-3c67-ba91-3a9c2b5d0f99,670623,Isaac Paredes,,,,Flyout,field_out,,True,1B,1,False,False,False,False,
777948,81,5,e5b31397-4ec3-34c7-913a-c743b6425db3,572233,Christian Walker,,,,Strikeout,strikeout,,True,1B,2,False,False,False,False,
777948,82,2,e0e6ab68-ff09-340b-821c-a62d1b6b040f,673237,Yainer Diaz,,,,Flyout,field_out,,True,1B,3,False,False,False,False,
777947,0,8,c1738303-a128-34fa-ae42-e570cae0a5d4,687263,Zach Neto,,,,Strikeout,strikeout,,True,1B,1,False,False,False,False,
777947,1,4,62ecd929-8161-33a6-ad04-b8db0c86f30b,694384,Nolan Schanuel,,,,Strikeout,strikeout,,True,1B,2,False,False,False,False,
777947,2,1,6a2ea897-24df-390d-b81a-6a95e9e313af,660162,Yoán Moncada,,,,Flyout,field_out,,True,1B,3,False,False,False,False,
777947,3,6,25920821-24c0-3340-bfe0-163b59f1bfdf,665487,Fernando Tatis Jr.,,,,Strikeout,strikeout,,True,1B,1,False,False,False,False,
777947,4,2,adb5b3d7-70f6-3878-aa5f-29e49ab0255d,650333,Luis Arraez,,,,Pop Out,field_out,,True,1B,2,False,False,False,False,
777947,5,4,b7f801e3-369b-3660-970d-e1129261dd9c,592518,Manny Machado,,,1B,Walk,walk,,False,,,False,False,False,False,
777947,6,1,93bc2cd6-8f18-379a-865d-3471dcf172bd,701538,Jackson Merrill,,,1B,Single,single,,False,,,False,False,False,False,
777947,6,1,93bc2cd6-8f18-379a-865d-3471dcf172bd,701538,Jackson Merrill,,1B,2B,Single,single,r_adv_throw,False,,,False,False,False,False,
777947,6,1,93bc2cd6-8f18-379a-865d-3471dcf172bd,592518,Manny Machado,1B,1B,2B,Single,single,r_adv_force,False,,,False,False,False,False,
777947,6,1,93bc2cd6-8f18-379a-865d-3471dcf172bd,592518,Manny Machado,1B,2B,3B,Single,single,r_adv_play,False,,,False,False,False,False,
777947,7,3,c6db3c2a-2512-3233-8868-f383af32f2b4,593428,Xander Bogaerts,,,,Flyout,field_out,,True,1B,3,False,False,False,False,
777947,8,6,23227aaa-60e0-35cf-9b22-8e3bf9681052,624585,Jorge Soler,,,1B,Walk,walk,,False,,,False,False,False,False,
777947,9,7,5832092d-d315-3085-a5bd-b7143a24a526,624585,Jorge Soler,1B,1B,,Forceout,force_out,r_force_out,True,2B,1,False,False,False,False,
777947,9,7,5832092d-d315-3085-a5bd-b7143a24a526,621493,Taylor Ward,,,1B,Forceout,force_out,,False,,,False,False,False,False,
777947,10,4,c418f107-be88-34eb-b4f1-aa550b97260c,518595,Travis d'Arnaud,,,,Strikeout,strikeout,,True,1B,2,False,False,False,False,
777947,11,0,71a1a6a8-bf8c-34c2-bf54-deb2dd84c135,621493,Taylor Ward,1B,1B,,Forceout,force_out,r_force_out,True,2B,3,False,False,False,False,
777947,11,0,71a1a6a8-bf8c-34c2-bf54-deb2dd84c135,683090,Matthew Lugo,,,1B,Forceout,force_out,,False,,,False,False,False,False,
777947,12,1,b494461e-11fb-3a76-a0af-4587538b6aee,657757,Gavin Sheets,,,,Groundout,field_out,,True,1B,1,False,False,False,False,
777947,13,3,6f851ea3-be02-39b7-91e3-eabea0226944,553869,Elias Díaz,,,,Pop Out,field_out,,True,1B,2,False,False,False,False,
777947,14,5,8ec33be5-ea48-3b59-8c0c-ad2d920650b7,630105,Jake Cronenworth,,,,Strikeout,strikeout,,True,1B,3,False,False,False,False,
777947,15,2,0430f611-fdfc-3c00-884d-de4ff2f6f3ae,677347,Kyren Paris,,,,Strikeout,strikeout,,True,1B,1,False,False,False,False,
777947,16,3,71107d53-edd6-3b1a-b22e-cb52ac08b348,641313,Tim Anderson,,,2B,Double,double,,False,,,False,False,False,False,
777947,17,4,d2150b85-23c0-3695-a1d6-3308dc7b0673,687263,Zach Neto,,,score,Home Run,home_run,,False,,,True,True,True,False,650633
777947,17,4,d2150b85-23c0-3695-a1d6-3308dc7b0673,641313,Tim Anderson,2B,2B,score,Home Run,home_run,r_adv_force,False,,,True,True,True,False,650633
777947,18,0,42d3a69d-8112-37c6-a3f4-f9a91a1761bd,694384,Nolan Schanuel,,,,Groundout,field_out,,True,1B,2,False,False,False,False,
777947,19,5,41ce0201-89ec-33d1-861d-dc78c86de8d1,660162,Yoán Moncada,,,,Strikeout,strikeout,,True,1B,3,False,False,False,False,
777947,20,1,c469e402-c892-36f2-987d-e5ddf1d16ced,663604,Brandon Lockridge,,,,Groundout,field_out,,True,1B,1,False,False,False,False,
777947,21,5,35a06647-2ddb-3b85-82a9-12c387139179,665487,Fernando Tatis Jr.,,,,Flyout,field_out,,True,1B,2,False,False,False,False,
777947,22,3,91963c71-d159-3dba-bf29-0eb794377fd3,650333,Luis Arraez,,,1B,Single,single,,False,,,False,False,False,False,
777947,23,7,7aece945-c226-36fc-a0c0-04e629983187,592518,Manny Machado,,,1B,Single,single,,False,,,False,False,False,False,
777947,23,7,7aece945-c226-36fc-a0c0-04e629983187,650333,Luis Arraez,1B,1B,2B,Single,single,r_adv_force,False,,,False,False,False,False,
777947,23,7,7aece945-c226-36fc-a0c0-04e629983187,650333,Luis Arraez,1B,2B,3B,Single,single,r_adv_play,False,,,False,False,False,False,
777947,24,1,3d876647-0b1f-3ccd-9625-7f10503d0dfa,701538,Jackson Merrill,,,1B,Single,single,,False,,,False,False,False,False,
777947,24,1,3d876647-0b1f-3ccd-9625-7f10503d0dfa,592518,Manny Machado,1B,1B,2B,Single,single,r_adv_force,False,,,False,False,False,False,
777947,24,1,3d876647-0b1f-3ccd-9625-7f10503d0dfa,592518,Manny Machado,1B,2B,3B,Single,single,r_adv_play,False,,,False,False,False,False,
777947,24,1,3d876647-0b1f-3ccd-9625-7f10503d0dfa,650333,Luis Arraez,3B,3B,score,Single,single,r_adv_play,False,,,True,True,True,False,579328
777947,25,3,984ec06e-f29a-3d07-a955-46c94940eb32,593428,Xander Bogaerts,,,1B,Field Error,field_error,,False,,,False,False,False,False,
777947,25,3,984ec06e-f29a-3d07-a955-46c94940eb32,593428,Xander Bogaerts,,1B,2B,Field Error,field_error,r_adv_play,False,,,False,False,False,False,
777947,25,3,984ec06e-f29a-3d07-a955-46c94940eb32,592518,Manny Machado,3B,3B,score,Field Error,field_error,r_adv_play,False,,,True,False,False,True,579328
777947,25,3,984ec06e-f29a-3d07-a955-46c94940eb32,701538,Jackson Merrill,1B,1B,2B,Field Error,field_error,r_adv_force,False,,,False,False,False,False,
777947,25,3,984ec06e-f29a-3d07-a955-46c94940eb32,701538,Jackson Merrill,1B,2B,score,Field Error,field_error,r_adv_play,False,,,True,False,False,True,579328
777947,26,3,acb3ec7b-352b-3ca4-9b51-c65c301c68bf,657757,Gavin Sheets,,,1B,Single,single,,False,,,False,False,False,False,
777947,26,3,acb3ec7b-352b-3ca4-9b51-c65c301c68bf,593428,Xander Bogaerts,2B,2B,,Runner Out,other_out,r_thrown_out,True,4B,3,False,False,False,False,
777947,27,4,c7b2507a-d5d3-35dc-ae20-79cdea6bf66f,624585,Jorge Soler,,,,Strikeout,strikeout,,True,1B,1,False,False,False,False,
777947,28,1,89aba5bc-95d8-3641-a9e0-f2e718627225,621493,Taylor Ward,,,1B,Single,single,,False,,,False,False,False,False,
777947,29,0,2bbd514a-bff4-37e9-bc92-e09672c2839d,518595,Travis d'Arnaud,,,,Groundout,field_out,,True,1B,2,False,False,False,False,
777947,29,0,2bbd514a-bff4-37e9-bc92-e09672c2839d,621493,Taylor Ward,1B,1B,2B,Groundout,field_out,r_adv_force,False,,,False,False,False,False,
777947,30,6,4512d366-8a08-32dd-91e3-d7843c416c52,683090,Matthew Lugo,,,,Flyout,field_out,,True,1B,3,False,False,False,False,
777947,31,7,89be3073-a907-3e0a-8b6b-40dc78b5dae4,553869,Elias Díaz,,,,Groundout,field_out,,True,1B,1,False,False,False,False,
777947,32,3,4cd942a8-f2fd-32bb-8ca7-966c339cb7c8,630105,Jake Cronenworth,,,1B,Walk,walk,,False,,,False,False,False,False,
777947,33,3,d4c2dd49-8866-31a9-83ea-a8b6708a41d5,663604,Brandon Lockridge,,,,Double Play,double_play,,True,1B,2,False,False,False,False,
777947,33,3,d4c2dd49-8866-31a9-83ea-a8b6708a41d5,630105,Jake Cronenworth,1B,1B,,Double Play,double_play,r_doubled_off,True,1B,3,False,False,False,False,
777947,34,4,ff2da40e-8fe2-367b-b946-4218e0272719,677347,Kyren Paris,,,,Strikeout,strikeout,,True,1B,1,False,False,False,False,
777947,35,4,2023eaaa-5518-3d85-adac-0eb155bd99ee,641313,Tim Anderson,,,,Strikeout,strikeout,,True,1B,2,False,False,False,False,
777947,36,2,e665572a-242a-3bfe-abff-13ea5f809dbc,687263,Zach Neto,,,,Lineout,field_out,,True,1B,3,False,False,False,False,
777947,37,1,8a18d67b-a5e8-3133-afb2-5c8ec23225b5,665487,Fernando Tatis Jr.,,,score,Home Run,home_run,,False,,,True,True,True,False,579328
777947,38,1,cda84cdf-6da2-3588-810d-8aa2ce7838ba,650333,Luis Arraez,,,,Groundout,field_out,,True,1B,1,False,False,False,False,
777947,39,2,55522629-adfd-3960-8a8f-28d537e6b8d6,592518,Manny Machado,,,1B,Single,single,,False,,,False,False,False,False,
777947,40,1,13018492-0d50-3c55-8090-dc45e8b49f39,592518,Manny Machado,1B,1B,,Forceout,force_out,r_force_out,True,2B,2,False,False,False,False,
777947,40,1,13018492-0d50-3c55-8090-dc45e8b49f39,701538,Jackson Merrill,,,1B,Forceout,force_out,,False,,,False,False,False,False,
777947,41,5,db650d34-17cb-3928-9dd2-4fa69a58a9df,593428,Xander Bogaerts,,,,Strikeout,strikeout,,True,1B,3,False,False,False,False,
777947,42,3,c8d80723-af61-3ece-ad61-cfb1b49fb99c,694384,Nolan Schanuel,,,,Flyout,field_out,,True,1B,1,False,False,False,False,
777947,43,2,f6840e85-6087-33a9-b492-e6ed039d0c78,660162,Yoán Moncada,,,2B,Double,double,,False,,,False,False,False,False,
777947,44,3,131aa5d0-27cf-3760-beba-76a8dbdc2b7c,624585,Jorge Soler,,,1B,Walk,walk,,False,,,False,False,False,False,
777947,45,4,efef7024-c591-36a6-b7eb-aa5d2df2b31c,624585,Jorge Soler,1B,1B,,Forceout,force_out,r_force_out,True,2B,2,False,False,False,False,
777947,45,4,efef7024-c591-36a6-b7eb-aa5d2df2b31c,660162,Yoán Moncada,2B,2B,score,Error,error,r_adv_play,False,,,True,False,False,True,650633
777947,45,4,efef7024-c591-36a6-b7eb-aa5d2df2b31c,621493,Taylor Ward,,,1B,Forceout,force_out,,False,,,False,False,False,False,
777947,45,4,efef7024-c591-36a6-b7eb-aa5d2df2b31c,621493,Taylor Ward,,1B,2B,Forceout,force_out,r_adv_play,False,,,False,False,False,False,
777947,46,7,47d3da08-f0fd-31c5-a3ac-df8a5f5acfd7,518595,Travis d'Arnaud,,,,Strikeout,strikeout,,True,1B,3,False,False,False,False,
777947,47,6,a86d1ac2-0df2-3691-80c2-8dc24ce17c5f,657757,Gavin Sheets,,,,Groundout,field_out,,True,1B,1,False,False,False,False,
777947,48,4,d0587738-2029-37f4-8f82-007f0ce7d77a,553869,Elias Díaz,,,,Strikeout,strikeout,,True,1B,2,False,False,False,False,
777947,49,0,74320bc9-dfc5-3836-b024-b79189959902,630105,Jake Cronenworth,,,,Flyout,field_out,,True,1B,3,False,False,False,False,
777947,50,2,68c5d843-f821-389a-99fd-3484c48192e7,683090,Matthew Lugo,,,,Strikeout,strikeout,,True,1B,1,False,False,False,False,
777947,51,7,023fb358-b4e9-3885-a827-1f805e3f1c75,677347,Kyren Paris,,,,Strikeout,strikeout,,True,1B,2,False,False,False,False,
777947,52,2,6e9612c0-28eb-3b23-aa45-d4705d7b9051,641313,Tim Anderson,,,1B,Hit By Pitch,hit_by_pitch,,False,,,False,False,False,False,
777947,53,1,e7527851-7991-381e-b5d4-759eee81d3e1,687263,Zach Neto,,,1B,Single,single,,False,,,False,False,False,False,
777947,53,1,e7527851-7991-381e-b5d4-759eee81d3e1,641313,Tim Anderson,1B,1B,2B,Single,single,r_adv_force,False,,,False,False,False,False,
777947,53,1,e7527851-7991-381e-b5d4-759eee81d3e1,641313,Tim Anderson,1B,2B,3B,Single,single,r_adv_play,False,,,False,False,False,False,
777947,54,8,a034fa46-db12-3622-ad00-095d0f40fbb6,694384,Nolan Schanuel,,,,Lineout,field_out,,True,1B,3,False,False,False,False,
777947,55,2,4a7de7cc-7b57-3e8d-9485-e3d2829465a6,663604,Brandon Lockridge,,,1B,Single,single,,False,,,False,False,False,False,
777947,56,3,05d993f1-8d03-3413-a9d4-d00b1057263b,665487,Fernando Tatis Jr.,,,,Flyout,field_out,,True,1B,1,False,False,False,False,
777947,57,5,b90a7bd7-95a0-300f-9b41-2bac6f74505a,650333,Luis Arraez,,,,Pop Out,field_out,,True,1B,2,False,False,False,False,
777947,58,3,7b135bf6-769f-3bd9-98d3-d3241967fee6,592518,Manny Machado,,,,Lineout,field_out,,True,1B,3,False,False,False,False,
777947,59,4,a827cfd3-a060-3af8-97cd-97e2bf1e61d4,660162,Yoán Moncada,,,1B,Walk,walk,,False,,,False,False,False,False,
777947,60,3,a577bf62-a441-3874-836e-2c7fa70b7489,624585,Jorge Soler,,,,Strikeout,strikeout,,True,1B,1,False,False,False,False,
777947,61,3,6dd058b8-aab2-33e9-9d12-1005ccba9533,621493,Taylor Ward,,,,Strikeout,strikeout,,True,1B,2,False,False,False,False,
777947,62,3,5799f663-5346-3125-822d-8f7e7a81e78e,518595,Travis d'Arnaud,,,,Groundout,field_out,,True,1B,3,False,False,False,False,
777947,63,4,92914cd9-7293-3737-9459-0039a8d8ae27,701538,Jackson Merrill,,,3B,Triple,triple,,False,,,False,False,False,False,
777947,64,1,49ed7bf3-5a27-3eef-baee-87e94eb78159,593428,Xander Bogaerts,,,,Sac Fly,sac_fly,,True,1B,1,False,False,False,False,
777947,64,1,49ed7bf3-5a27-3eef-baee-87e94eb78159,701538,Jackson Merrill,3B,3B,score,Sac Fly,sac_fly,r_adv_play,False,,,True,True,True,False,656271
777947,65,5,068efcd8-a5b8-3458-a225-7b88cb8a3351,657757,Gavin Sheets,,,,Groundout,field_out,,True,1B,2,False,False,False,False,
777947,66,2,98b5b7d5-769e-3a0b-95f9-8eaaab0d7d6d,553869,Elias Díaz,,,,Lineout,field_out,,True,1B,3,False,False,False,False,
777947,67,7,90d9d232-8e74-3368-bc11-b97bcf3b5b51,683090,Matthew Lugo,,,,Strikeout,strikeout,,True,1B,1,False,False,False,False,
777947,68,2,73ae86d7-40cf-38a2-b4ed-dbb737d8f640,650859,Luis Rengifo,,,1B,Single,single,,False,,,False,False,False,False,
777947,69,7,7329d80f-3cba-3129-ad84-de24a5e7e7dd,650859,Luis Rengifo,1B,1B,2B,Wild Pitch,wild_pitch,r_adv_play,False,,,False,False,False,False,
777947,69,9,4e5aacbe-2d65-3cba-9910-2f7e749585f8,681351,Logan O'Hoppe,,,1B,Walk,walk,,False,,,False,False,False,False,
777947,70,6,d50c14d3-2f4e-30a2-8339-2f4faa0f94f0,650859,Luis Rengifo,2B,2B,3B,Walk,walk,r_adv_force,False,,,False,False,False,False,
777947,70,6,d50c14d3-2f4e-30a2-8339-2f4faa0f94f0,666176,Jo Adell,1B,1B,2B,Walk,walk,r_adv_force,False,,,False,False,False,False,
777947,70,6,d50c14d3-2f4e-30a2-8339-2f4faa0f94f0,687263,Zach Neto,,,1B,Walk,walk,,False,,,False,False,False,False,
777947,71,5,9424aeb9-ea2e-317a-bd5d-85e646e961c9,650859,Luis Rengifo,3B,3B,score,Walk,walk,r_adv_force,False,,,True,True,True,False,663158
777947,71,5,9424aeb9-ea2e-317a-bd5d-85e646e961c9,666176,Jo Adell,2B,2B,3B,Walk,walk,r_adv_force,False,,,False,False,False,False,
777947,71,5,9424aeb9-ea2e-317a-bd5d-85e646e961c9,687263,Zach Neto,1B,1B,2B,Walk,walk,r_adv_force,False,,,False,False,False,False,
777947,71,5,9424aeb9-ea2e-317a-bd5d-85e646e961c9,694384,Nolan Schanuel,,,1B,Walk,walk,,False,,,False,False,False,False,
777947,72,8,44357502-b89b-3d52-a631-02cf5a55b493,666176,Jo Adell,3B,3B,score,Walk,walk,r_adv_force,False,,,True,True,True,False,663158
777947,72,8,44357502-b89b-3d52-a631-02cf5a55b493,687263,Zach Neto,2B,2B,3B,Walk,walk,r_adv_force,False,,,False,False,False,False,
777947,72,8,44357502-b89b-3d52-a631-02cf5a55b493,694384,Nolan Schanuel,1B,1B,2B,Walk,walk,r_adv_force,False,,,False,False,False,False,
777947,72,8,44357502-b89b-3d52-a631-02cf5a55b493,660162,Yoán Moncada,,,1B,Walk,walk,,False,,,False,False,False,False,
777947,73,4,411201ba-a39b-30c5-babb-2f33eb129d60,624585,Jorge Soler,,,,Strikeout,strikeout,,True,1B,2,False,False,False,False,
777947,74,5,5f7c4650-9e50-3204-aa6d-529fbff7ba56,621493,Taylor Ward,,,score,Home Run,home_run,,False,,,True,True,True,False,689690
777947,74,5,5f7c4650-9e50-3204-aa6d-529fbff7ba56,687263,Zach Neto,3B,3B,score,Home Run,home_run,r_adv_force,False,,,True,True,True,False,663158
777947,74,5,5f7c4650-9e50-3204-aa6d-529fbff7ba56,694384,Nolan Schanuel,2B,2B,score,Home Run,home_run,r_adv_force,False,,,True,True,True,False,663158
777947,74,5,5f7c4650-9e50-3204-aa6d-529fbff7ba56,660162,Yoán Moncada,1B,1B,score,Home Run,home_run,r_adv_force,False,,,True,True,True,False,663158
777947,75,3,59091fb4-0f28-3e1e-8e62-7a7c6319617c,518595,Travis d'Arnaud,,,,Strikeout,strikeout,,True,1B,3,False,False,False,False,
777947,76,13,85a6a7d4-355a-3c22-b6fd-8f78c888f903,630105,Jake Cronenworth,,,,Strikeout,strikeout,,True,1B,1,False,False,False,False,
777947,77,4,96998804-0860-371a-8e57-c511de23de63,642180,Tyler Wade,,,,Strikeout,strikeout,,True,1B,2,False,False,False,False,
777947,78,5,f8da5619-5bd7-3eab-92d1-286275f6e8ee,665487,Fernando Tatis Jr.,,,,Flyout,field_out,,True,1B,3,False,False,False,False,
777941,0,8,2c976c7a-e73d-3d12-b090-0feb22dc4059,663757,Trent Grisham,,,,Strikeout,strikeout,,True,1B,1,False,False,False,False,
777941,1,2,1f9ad656-bbb6-3eb5-8984-084e29e597aa,592450,Aaron Judge,,,,Flyout,field_out,,True,1B,2,False,False,False,False,
777941,2,4,5f233310-f0be-3afb-8f96-e12634c26713,700250,Ben Rice,,,,Strikeout,strikeout,,True,1B,3,False,False,False,False,
777941,3,4,b187139b-7990-332b-bb77-e752ebe2b2fb,641487,J.P. Crawford,,,,Strikeout,strikeout,,True,1B,1,False,False,False,False,
777941,4,4,aa4e5b6b-e145-3f4a-94dd-da874660b9d6,593871,Jorge Polanco,,,,Strikeout,strikeout,,True,1B,2,False,False,False,False,
777941,5,4,993008f1-0656-3986-af92-82aaa645df4a,677594,Julio Rodríguez,,,score,Home Run,home_run,,False,,,True,True,True,False,657376
777941,6,3,195917c4-a6ba-3c79-8be9-75d15ca8c185,663728,Cal Raleigh,,,,Pop Out,field_out,,True,1B,3,False,False,False,False,
777941,7,2,4e826cf0-32d7-38e0-a1b7-86cccad4e543,502671,Paul Goldschmidt,,,,Groundout,field_out,,True,1B,1,False,False,False,False,
777941,8,4,8b46fe1b-8f88-3acf-9907-3025e293fa7a,641355,Cody Bellinger,,,1B,Walk,walk,,False,,,False,False,False,False,
777941,9,5,584c40a6-025c-3ebe-8ae7-63bdf9f50c63,641355,Cody Bellinger,1B,1B,2B,Walk,walk,r_adv_force,False,,,False,False,False,False,
777941,9,5,584c40a6-025c-3ebe-8ae7-63bdf9f50c63,683011,Anthony Volpe,,,1B,Walk,walk,,False,,,False,False,False,False,
777941,10,4,14c8da17-1481-3bc1-a445-f36e9984c4ce,669224,Austin Wells,,,,Pop Out,field_out,,True,1B,2,False,False,False,False,
777941,11,1,ab7244e0-158e-3f0f-8311-52ead548e6c8,665828,Oswaldo Cabrera,,,,Groundout,field_out,,True,1B,3,False,False,False,False,
777941,12,6,7244bbfc-1759-3c5c-b2b8-ec643227687c,668227,Randy Arozarena,,,1B,Walk,walk,,False,,,False,False,False,False,
777941,13,9,306cbe5c-950c-3290-9a29-2a71e0910914,668227,Randy Arozarena,1B,1B,2B,Walk,walk,r_adv_force,False,,,False,False,False,False,
777941,13,9,306cbe5c-950c-3290-9a29-2a71e0910914,642133,Rowdy Tellez,,,1B,Walk,walk,,False,,,False,False,False,False,
777941,14,2,c6fab68a-224c-3c66-8f03-ffa22fa32e6d,665750,Leody Taveras,,,,Sac Bunt,sac_bunt,,True,1B,1,False,False,False,False,
777941,14,2,c6fab68a-224c-3c66-8f03-ffa22fa32e6d,668227,Randy Arozarena,2B,2B,3B,Sac Bunt,sac_bunt,r_adv_force,False,,,False,False,False,False,
777941,14,2,c6fab68a-224c-3c66-8f03-ffa22fa32e6d,642133,Rowdy Tellez,1B,1B,2B,Sac Bunt,sac_bunt,r_adv_force,False,,,False,False,False,False,
777941,15,4,4c3653a7-d60e-377b-ae44-abd43da36299,664238,Dylan Moore,,,,Strikeout,strikeout,,True,1B,2,False,False,False,False,
777941,16,1,7d9bf92d-11f4-3c88-b77b-5902de2cd44e,810938,Ben Williamson,,,,Flyout,field_out,,True,1B,3,False,False,False,False,
777941,17,4,2c58f6af-3f3a-3cc0-aa30-ceae4ef54f57,672724,Oswald Peraza,,,,Strikeout,strikeout,,True,1B,1,False,False,False,False,
777941,18,2,ce2aa285-efc4-3528-a863-470968ea37c0,663757,Trent Grisham,,,score,Home Run,home_run,,False,,,True,True,True,False,676106
777941,19,4,10003338-85a6-3dc7-a29a-6852d3a48d90,592450,Aaron Judge,,,2B,Double,double,,False,,,False,False,False,False,
777941,20,0,b453c48a-4be0-3cbb-9a0a-f896fe842023,700250,Ben Rice,,,,Lineout,field_out,,True,1B,2,False,False,False,False,
777941,21,0,633f3b4b-05a8-3e9b-9fc2-2c0c7e87093e,502671,Paul Goldschmidt,,,,Groundout,field_out,,True,1B,3,False,False,False,False,
777941,22,6,188a91c5-4ea2-3ac4-a7f9-abe48b856613,641487,J.P. Crawford,,,,Groundout,field_out,,True,1B,1,False,False,False,False,
777941,23,0,ddb2353b-4093-3c68-bcd5-e71f7efd85d5,593871,Jorge Polanco,,,score,Home Run,home_run,,False,,,True,True,True,False,657376
777941,24,6,6df3543d-7669-3607-8d69-4d0d0799445a,677594,Julio Rodríguez,,,,Strikeout,strikeout,,True,1B,2,False,False,False,False,
777941,25,0,aa3a2c9e-4d46-34db-865c-1a14a3e2d625,663728,Cal Raleigh,,,,Lineout,field_out,,True,1B,3,False,False,False,False,
777941,26,4,1aca54df-3260-31e7-aa2d-556422124e92,641355,Cody Bellinger,,,,Strikeout,strikeout,,True,1B,1,False,False,False,False,
777941,27,6,f55d23c5-7604-3e2d-bb19-9c4722fc0341,683011,Anthony Volpe,,,1B,Walk,walk,,False,,,False,False,False,False,
777941,28,3,d02368fa-7d38-3b8b-864e-14a2464ca7c8,669224,Austin Wells,,,,Strikeout,strikeout,,True,1B,2,False,False,False,False,
777941,29,5,d6bebb95-c720-3648-94b7-52f54120d751,683011,Anthony Volpe,1B,1B,2B,Walk,walk,r_adv_force,False,,,False,False,False,False,
777941,29,5,d6bebb95-c720-3648-94b7-52f54120d751,665828,Oswaldo Cabrera,,,1B,Walk,walk,,False,,,False,False,False,False,
777941,30,1,7aaf0841-3ede-3afd-a17d-dc532bbb8d70,672724,Oswald Peraza,,,,Flyout,field_out,,True,1B,3,False,False,False,False,
777941,31,1,8bfad06d-82aa-3a22-a37a-edf9b9b4fcc1,668227,Randy Arozarena,,,,Flyout,field_out,,True,1B,1,False,False,False,False,
777941,32,6,8f675254-6cd0-3ede-bb56-fcf6bd9872d8,642133,Rowdy Tellez,,,,Flyout,field_out,,True,1B,2,False,False,False,False,
777941,33,8,29086718-5c50-3a2e-b79d-a3a58027818f,665750,Leody Taveras,,,,Pop Out,field_out,,True,1B,3,False,False,False,False,
777941,34,4,ed5413ee-adf5-39fd-881f-84b27c416c8f,663757,Trent Grisham,,,score,Home Run,home_run,,False,,,True,True,True,False,676106
777941,35,0,5c05c61a-ea07-3e03-aa12-91bb41f4a2f9,592450,Aaron Judge,,,1B,Single,single,,False,,,False,False,False,False,
777941,36,4,587e9cc3-db1e-30cd-854e-adf57d82c0ab,700250,Ben Rice,,,2B,Double,double,,False,,,False,False,False,False,
777941,36,4,587e9cc3-db1e-30cd-854e-adf57d82c0ab,592450,Aaron Judge,1B,1B,3B,Double,double,r_adv_force,False,,,False,False,False,False,
777941,37,1,8a302e69-5e81-3a11-86d1-7143759057b2,502671,Paul Goldschmidt,,,1B,Single,single,,False,,,False,False,False,False,
777941,37,1,8a302e69-5e81-3a11-86d1-7143759057b2,592450,Aaron Judge,3B,3B,score,Single,single,r_adv_play,False,,,True,True,True,False,676106
777941,37,1,8a302e69-5e81-3a11-86d1-7143759057b2,700250,Ben Rice,2B,2B,3B,Single,single,r_adv_play,False,,,False,False,False,False,
777941,38,1,1b387f4c-86d9-344c-8397-3fe614aee92d,641355,Cody Bellinger,,,1B,Single,single,,False,,,False,False,False,False,
777941,38,1,1b387f4c-86d9-344c-8397-3fe614aee92d,700250,Ben Rice,3B,3B,score,Single,single,r_adv_play,False,,,True,True,True,False,676106
777941,38,1,1b387f4c-86d9-344c-8397-3fe614aee92d,502671,Paul Goldschmidt,1B,1B,2B,Single,single,r_adv_force,False,,,False,False,False,False,
777941,39,2,59aca79d-12d6-3834-8f27-e7117669de57,683011,Anthony Volpe,,,,Lineout,field_out,,True,1B,1,False,False,False,False,
777941,39,2,59aca79d-12d6-3834-8f27-e7117669de57,502671,Paul Goldschmidt,2B,2B,3B,Lineout,field_out,r_adv_play,False,,,False,False,False,False,
777941,40,3,211c5b32-fdd4-3fe7-beaf-f8322f181d6c,669224,Austin Wells,,,score,Home Run,home_run,,False,,,True,True,True,False,676106
777941,40,3,211c5b32-fdd4-3fe7-beaf-f8322f181d6c,502671,Paul Goldschmidt,3B,3B,score,Home Run,home_run,r_adv_force,False,,,True,True,True,False,676106
777941,40,3,211c5b32-fdd4-3fe7-beaf-f8322f181d6c,641355,Cody Bellinger,1B,1B,score,Home Run,home_run,r_adv_force,False,,,True,True,True,False,676106
777941,41,0,0ce34218-70cd-3b86-9d40-1b9367b67f9d,665828,Oswaldo Cabrera,,,,Groundout,field_out,,True,1B,2,False,False,False,False,
777941,42,1,8bc97a0c-43d3-30d2-bf45-f6616dcfa39a,672724,Oswald Peraza,,,,Groundout,field_out,,True,1B,3,False,False,False,False,
777941,43,1,234ef484-5c1e-3ec1-9ca8-b734bcf8dc7d,664238,Dylan Moore,,,,Lineout,field_out,,True,1B,1,False,False,False,False,
777941,44,2,0736f5da-8c99-35d0-bfdb-61fdb4e47dd5,810938,Ben Williamson,,,,Strikeout,strikeout,,True,1B,2,False,False,False,False,
777941,45,3,977dba57-178e-3528-9df8-aae31c2b65f8,641487,J.P. Crawford,,,,Strikeout,strikeout,,True,1B,3,False,False,False,False,
777941,46,7,50ac2a3e-e8fc-37dc-b902-386ce7ed6e8c,663757,Trent Grisham,,,,Strikeout,strikeout,,True,1B,1,False,False,False,False,
777941,47,6,e9d18493-c270-3f0e-9df4-1de217efee87,592450,Aaron Judge,,,1B,Walk,walk,,False,,,False,False,False,False,
777941,48,2,a4a3b5b7-4ae0-35bf-aaa6-2dc00cbb8950,592450,Aaron Judge,1B,1B,,Grounded Into DP,grounded_into_double_play,r_force_out,True,2B,2,False,False,False,False,
777941,48,2,a4a3b5b7-4ae0-35bf-aaa6-2dc00cbb8950,700250,Ben Rice,,,,Grounded Into DP,grounded_into_double_play,,True,1B,3,False,False,False,False,
777941,49,2,8b9ef522-450d-31f8-9227-85e01e5d67d2,593871,Jorge Polanco,,,,Groundout,field_out,,True,1B,1,False,False,False,False,
777941,50,1,3c251a49-8371-31b3-aad0-36927c9e30c1,677594,Julio Rodríguez,,,,Groundout,field_out,,True,1B,2,False,False,False,False,
777941,51,4,5372a489-5301-392b-82f2-93f880cec111,663728,Cal Raleigh,,,,Flyout,field_out,,True,1B,3,False,False,False,False,
777941,52,4,e55e0976-4f29-3bb3-9927-5a3aba91a4f5,502671,Paul Goldschmidt,,,1B,Single,single,,False,,,False,False,False,False,
777941,53,8,e1234be9-9069-38cd-b605-7b37c243b42f,641355,Cody Bellinger,,,,Strikeout,strikeout,,True,1B,1,False,False,False,False,
777941,54,1,b04bf626-b261-3004-930f-e02e7d0fefa9,683011,Anthony Volpe,,,1B,Single,single,,False,,,False,False,False,False,
777941,54,1,b04bf626-b261-3004-930f-e02e7d0fefa9,502671,Paul Goldschmidt,1B,1B,2B,Single,single,r_adv_force,False,,,False,False,False,False,
777941,54,1,b04bf626-b261-3004-930f-e02e7d0fefa9,502671,Paul Goldschmidt,1B,2B,3B,Single,single,r_adv_play,False,,,False,False,False,False,
777941,55,4,7d0430c5-5c7e-3fb1-b55a-d7d0c82d0ca1,669224,Austin Wells,,,,Sac Fly,sac_fly,,True,1B,2,False,False,False,False,
777941,55,4,7d0430c5-5c7e-3fb1-b55a-d7d0c82d0ca1,502671,Paul Goldschmidt,3B,3B,score,Sac Fly,sac_fly,r_adv_play,False,,,True,True,True,False,660825
777941,56,1,02783b15-a148-39a7-8dea-dbecec92d90e,665828,Oswaldo Cabrera,,,,Pop Out,field_out,,True,1B,3,False,False,False,False,
777941,57,5,7c6fc953-001b-3adc-bdf1-e38fd529f245,668227,Randy Arozarena,,,2B,Double,double,,False,,,False,False,False,False,
777941,58,5,d14f8067-cd38-3e98-a38f-2c367e7a6684,642133,Rowdy Tellez,,,,Groundout,field_out,,True,1B,1,False,False,False,False,
777941,58,5,d14f8067-cd38-3e98-a38f-2c367e7a6684,668227,Randy Arozarena,2B,2B,3B,Groundout,field_out,r_adv_play,False,,,False,False,False,False,
777941,59,3,27851da7-4fe8-3f3b-b058-0537df2b8f67,665750,Leody Taveras,,,,Strikeout,strikeout,,True,1B,2,False,False,False,False,
777941,60,2,fb208927-03cd-3918-bc0c-22e08de4a0b6,664238,Dylan Moore,,,1B,Single,single,,False,,,False,False,False,False,
777941,60,2,fb208927-03cd-3918-bc0c-22e08de4a0b6,668227,Randy Arozarena,3B,3B,score,Single,single,r_adv_play,False,,,True,True,True,False,657376
777941,61,3,47c3fb21-a0e0-367f-91e7-a08b35bf032f,664238,Dylan Moore,1B,1B,,Forceout,force_out,r_force_out,True,2B,3,False,False,False,False,
777941,61,3,47c3fb21-a0e0-367f-91e7-a08b35bf032f,810938,Ben Williamson,,,1B,Forceout,force_out,,False,,,False,False,False,False,
777941,62,4,f606a021-6cf0-3fcc-8720-905f4a121662,672724,Oswald Peraza,,,2B,Double,double,,False,,,False,False,False,False,
777941,63,2,294a7fa4-2337-3047-98cd-795e716c14bf,663757,Trent Grisham,,,,Lineout,field_out,,True,1B,1,False,False,False,False,
777941,64,5,53729da2-ebe5-3980-a4a7-0487734eb970,592450,Aaron Judge,,,1B,Walk,walk,,False,,,False,False,False,False,
777941,65,4,c3d8425d-5699-335e-8799-0401d1d1bf23,700250,Ben Rice,,,,Strikeout,strikeout,,True,1B,2,False,False,False,False,
777941,66,5,1920f8f1-429e-3e3f-96a6-0fffa7510460,502671,Paul Goldschmidt,,,,Strikeout,strikeout,,True,1B,3,False,False,False,False,
777941,67,3,ab687910-a6e3-38eb-8186-9ff1e88d4bca,641487,J.P. Crawford,,,,Strikeout,strikeout,,True,1B,1,False,False,False,False,
777941,68,7,6203d3d4-5def-3c87-aa88-d4703d4dece5,641598,Mitch Garver,,,1B,Walk,walk,,False,,,False,False,False,False,
777941,69,0,ffb8662d-18d4-3f40-9eb0-35d1323caeb9,677594,Julio Rodríguez,,,,Groundout,field_out,,True,1B,2,False,False,False,False,
777941,69,0,ffb8662d-18d4-3f40-9eb0-35d1323caeb9,641598,Mitch Garver,1B,1B,2B,Groundout,field_out,r_adv_force,False,,,False,False,False,False,
777941,70,4,f67db0b0-5a82-3458-8af9-d3664bb71e0c,663728,Cal Raleigh,,,score,Home Run,home_run,,False,,,True,True,True,False,657612
777941,70,4,f67db0b0-5a82-3458-8af9-d3664bb71e0c,641598,Mitch Garver,2B,2B,score,Home Run,home_run,r_adv_force,False,,,True,True,True,False,657612
777941,71,4,ecea5b3e-587d-34fa-a2b1-39851e069c39,668227,Randy Arozarena,,,1B,Single,single,,False,,,False,False,False,False,
777941,72,0,6df8f0dd-f0a1-35e0-b697-f948d8fac8db,642133,Rowdy Tellez,,,,Flyout,field_out,,True,1B,3,False,False,False,False,
777941,73,6,0e993925-e9e5-3dd3-a768-c87748b410a5,641355,Cody Bellinger,,,1B,Single,single,,False,,,False,False,False,False,
777941,74,2,b1aed108-8f62-333f-937a-649521bed37e,683011,Anthony Volpe,,,score,Home Run,home_run,,False,,,True,True,True,False,700187
777941,74,2,b1aed108-8f62-333f-937a-649521bed37e,641355,Cody Bellinger,1B,1B,score,Home Run,home_run,r_adv_force,False,,,True,True,True,False,700187
777941,75,1,4de6e2c3-4773-38f3-8e6a-4ba3e7691fb1,669224,Austin Wells,,,,Flyout,field_out,,True,1B,1,False,False,False,False,
777941,76,4,e2586411-a06f-3263-b1bf-aacac22a6821,665828,Oswaldo Cabrera,,,1B,Single,single,,False,,,False,False,False,False,
777941,77,1,32a8df13-3cd3-327c-b41b-3beb75070b86,665828,Oswaldo Cabrera,1B,1B,2B,Hit By Pitch,hit_by_pitch,r_adv_force,False,,,False,False,False,False,
777941,77,1,32a8df13-3cd3-327c-b41b-3beb75070b86,672724,Oswald Peraza,,,1B,Hit By Pitch,hit_by_pitch,,False,,,False,False,False,False,
777941,78,1,32b24dc0-5254-362f-8128-a8dfe9418385,663757,Trent Grisham,,,1B,Single,single,,False,,,False,False,False,False,
777941,78,1,32b24dc0-5254-362f-8128-a8dfe9418385,665828,Oswaldo Cabrera,2B,2B,3B,Single,single,r_adv_force,False,,,False,False,False,False,
777941,78,1,32b24dc0-5254-362f-8128-a8dfe9418385,672724,Oswald Peraza,1B,1B,2B,Single,single,r_adv_force,False,,,False,False,False,False,
777941,79,3,d43b55dd-2179-3870-b869-5f11fa76a195,592450,Aaron Judge,,,,Sac Fly,sac_fly,,True,1B,2,False,False,False,False,
777941,79,3,d43b55dd-2179-3870-b869-5f11fa76a195,672724,Oswald Peraza,2B,2B,3B,Sac Fly,sac_fly,r_adv_play,False,,,False,False,False,False,
777941,79,3,d43b55dd-2179-3870-b869-5f11fa76a195,665828,Oswaldo Cabrera,3B,3B,score,Sac Fly,sac_fly,r_adv_play,False,,,True,True,True,False,700187
777941,80,3,4b0ce26c-e2cd-3964-81e7-4dff02245732,700250,Ben Rice,,,,Groundout,field_out,,True,1B,3,False,False,False,False,
777941,81,8,b074d70c-f6ea-3265-823e-d33d66a0357b,665750,Leody Taveras,,,,Lineout,field_out,,True,1B,1,False,False,False,False,
777941,82,4,2024fe4a-ab31-372a-9378-8291766f7d7a,670156,Miles Mastrobuoni,,,,Strikeout,strikeout,,True,1B,2,False,False,False,False,
777941,83,8,3f813286-4d12-3a70-a8be-45bb2544bd8e,660844,Leo Rivas,,,,Strikeout,strikeout,,True,1B,3,False,False,False,False,
777939,0,9,2f522a6c-34e6-3f22-9367-21ffe1891940,682998,Corbin Carroll,,,1B,Walk,walk,,False,,,False,False,False,False,
777939,1,3,09799e98-3c7e-34f3-b112-6daf0ed45540,606466,Ketel Marte,,,,Strikeout,strikeout,,True,1B,1,False,False,False,False,
777939,2,3,e9c216ca-eb02-3432-afa3-1b4b681a6a23,656976,Pavin Smith,,,,Strikeout,strikeout,,True,1B,2,False,False,False,False,
777939,3,4,e63306fe-03ea-3b20-a0a7-887832b415a8,647304,Josh Naylor,,,2B,Double,double,,False,,,False,False,False,False,
777939,3,4,e63306fe-03ea-3b20-a0a7-887832b415a8,682998,Corbin Carroll,1B,1B,3B,Double,double,r_adv_force,False,,,False,False,False,False,
777939,4,2,b095ecf0-64d4-3d8a-9c85-89261708772d,553993,Eugenio Suárez,,,,Groundout,field_out,,True,1B,3,False,False,False,False,
777939,5,5,5888d39a-0c24-367c-bbf1-5f4512b16c7a,573262,Mike Yastrzemski,,,,Strikeout,strikeout,,True,1B,1,False,False,False,False,
777939,6,4,671c4488-1214-3198-97fa-4e330be1debb,656305,Matt Chapman,,,,Strikeout,strikeout,,True,1B,2,False,False,False,False,
777939,7,1,b9309b4d-4cf4-35d7-a665-ab7a7ea7f495,671218,Heliot Ramos,,,1B,Single,single,,False,,,False,False,False,False,
777939,8,2,37efde4e-b6db-3f19-86f3-32eb3846626d,808982,Jung Hoo Lee,,,,Bunt Groundout,field_out,,True,1B,3,False,False,False,False,
777939,9,1,de7a8222-9bc9-3cc9-9ab6-8ec03728a3d4,672515,Gabriel Moreno,,,,Groundout,field_out,,True,1B,1,False,False,False,False,
777939,10,3,0d01888c-2357-359e-99f1-d8c84647c345,666971,Lourdes Gurriel Jr.,,,,Strikeout,strikeout,,True,1B,2,False,False,False,False,
777939,11,1,0b2bdc1f-8c60-3a6e-9fab-0274224f7ffc,677950,Alek Thomas,,,1B,Single,single,,False,,,False,False,False,False,
777939,12,2,779c76ef-b65c-335b-80e4-6a7c916fe05f,672695,Geraldo Perdomo,,,,Lineout,field_out,,True,1B,3,False,False,False,False,
777939,13,1,614bf5d7-e5d5-307d-8e08-76e234551d3e,527038,Wilmer Flores,,,,Flyout,field_out,,True,1B,1,False,False,False,False,
777939,14,3,034038ca-ef07-3d95-9954-0d62cd46619c,642715,Willy Adames,,,,Strikeout,strikeout,,True,1B,2,False,False,False,False,
777939,15,2,8049de45-4bd1-3b86-9dc5-ec55af2cf305,672275,Patrick Bailey,,,,Strikeout,strikeout,,True,1B,3,False,False,False,False,
777939,16,3,abf7d06e-8e61-3275-bd31-95121affe2c6,682998,Corbin Carroll,,,score,Home Run,home_run,,False,,,True,True,True,False,434378
777939,17,1,bdf24611-4392-34d8-9050-2dda7295e701,606466,Ketel Marte,,,,Groundout,field_out,,True,1B,1,False,False,False,False,
777939,18,2,f6ea163a-dfba-3702-9801-e618dd51ae61,656976,Pavin Smith,,,,Strikeout,strikeout,,True,1B,2,False,False,False,False,
777939,19,2,e8fb7bb8-fe11-3906-aada-05e39f5aeec6,647304,Josh Naylor,,,,Lineout,field_out,,True,1B,3,False,False,False,False,
777939,20,2,b3cc9981-30ce-32e3-b303-97e56fee3741,682641,Luis Matos,,,,Strikeout,strikeout,,True,1B,1,False,False,False,False,
777939,21,1,e36ea4bb-163d-306a-a6a0-280a6ddb97c6,683766,Christian Koss,,,,Pop Out,field_out,,True,1B,2,False,False,False,False,
777939,22,5,9b50a920-2bfb-33da-a932-4c8d26c460bd,573262,Mike Yastrzemski,,,,Groundout,field_out,,True,1B,3,False,False,False,False,
777939,23,2,1a3c96be-1c32-3fa4-9289-98e2f987a5fe,553993,Eugenio Suárez,,,,Flyout,field_out,,True,1B,1,False,False,False,False,
777939,24,3,0d4d9bec-470f-3665-8cf2-2e40342d8752,672515,Gabriel Moreno,,,1B,Single,single,,False,,,False,False,False,False,
777939,25,1,bd3bc5eb-06d0-32ee-b7ea-9341af50d8c2,666971,Lourdes Gurriel Jr.,,,2B,Double,double,,False,,,False,False,False,False,
777939,25,1,bd3bc5eb-06d0-32ee-b7ea-9341af50d8c2,672515,Gabriel Moreno,1B,1B,3B,Double,double,r_adv_force,False,,,False,False,False,False,
777939,26,1,a618e0d9-d52b-3c9b-8768-12f2b16a5604,672515,Gabriel Moreno,3B,3B,,Fielders Choice Out,fielders_choice_out,r_runner_out,True,4B,2,False,False,False,False,
777939,26,1,a618e0d9-d52b-3c9b-8768-12f2b16a5604,666971,Lourdes Gurriel Jr.,2B,2B,3B,Fielders Choice Out,fielders_choice_out,r_adv_play,False,,,False,False,False,False,
777939,26,1,a618e0d9-d52b-3c9b-8768-12f2b16a5604,677950,Alek Thomas,,,1B,Fielders Choice Out,fielders_choice_out,,False,,,False,False,False,False,
777939,27,1,3b25ce0a-ddb9-35b1-b250-b8e4baa4369d,672695,Geraldo Perdomo,,,,Groundout,field_out,,True,1B,3,False,False,False,False,
777939,28,0,7fddf51d-bd37-373c-8a0b-0d4367da8102,656305,Matt Chapman,,,,Flyout,field_out,,True,1B,1,False,False,False,False,
777939,29,5,e5b0d531-2668-311c-af33-61ccf90b4c75,671218,Heliot Ramos,,,1B,Single,single,,False,,,False,False,False,False,
777939,30,1,67f6f799-d904-381b-ad97-045480fbfcb6,808982,Jung Hoo Lee,,,1B,Single,single,,False,,,False,False,False,False,
777939,30,1,67f6f799-d904-381b-ad97-045480fbfcb6,671218,Heliot Ramos,1B,1B,2B,Single,single,r_adv_force,False,,,False,False,False,False,
777939,30,1,67f6f799-d904-381b-ad97-045480fbfcb6,671218,Heliot Ramos,1B,2B,3B,Single,single,r_adv_play,False,,,False,False,False,False,
777939,31,4,c320d828-f17b-3f31-8b0f-a78c4a626b7d,808982,Jung Hoo Lee,1B,1B,,Grounded Into DP,grounded_into_double_play,r_force_out,True,2B,2,False,False,False,False,
777939,31,4,c320d828-f17b-3f31-8b0f-a78c4a626b7d,527038,Wilmer Flores,,,,Grounded Into DP,grounded_into_double_play,,True,1B,3,False,False,False,False,
777939,32,2,e7f791f4-0044-3078-b0eb-e44ca782b3a1,682998,Corbin Carroll,,,score,Home Run,home_run,,False,,,True,True,True,False,434378
777939,33,3,71b577c2-9fa7-31a3-b532-198bac191c90,606466,Ketel Marte,,,,Lineout,field_out,,True,1B,1,False,False,False,False,
777939,34,1,3b861434-9392-3726-bfdc-3edd139d2b83,656976,Pavin Smith,,,,Flyout,field_out,,True,1B,2,False,False,False,False,
777939,35,4,97d9d638-13bb-3d22-99aa-5213402cbca3,647304,Josh Naylor,,,,Strikeout,strikeout,,True,1B,3,False,False,False,False,
777939,36,3,c02a7f98-af6f-3cdf-bb19-dc9f35dc60d2,642715,Willy Adames,,,2B,Double,double,,False,,,False,False,False,False,
777939,37,5,c8c2716f-5d49-3b3b-9c42-7ed841582ea8,672275,Patrick Bailey,,,,Strikeout,strikeout,,True,1B,1,False,False,False,False,
777939,38,5,45e04819-d0cc-39bc-8216-66fd05cb0c08,682641,Luis Matos,,,,Pop Out,field_out,,True,1B,2,False,False,False,False,
777939,39,5,fba686f3-8675-31bc-81c1-48566c510860,683766,Christian Koss,,,1B,Single,single,,False,,,False,False,False,False,
777939,39,5,fba686f3-8675-31bc-81c1-48566c510860,683766,Christian Koss,,1B,,Runner Out,other_out,r_thrown_out,True,2B,3,False,False,False,False,
777939,39,5,fba686f3-8675-31bc-81c1-48566c510860,642715,Willy Adames,2B,2B,score,Runner Out,other_out,r_adv_play,False,,,True,True,True,False,518876
777939,40,0,a43162a3-28e3-3ff7-a077-c5f8a34536b7,553993,Eugenio Suárez,,,,Flyout,field_out,,True,1B,1,False,False,False,False,
777939,41,1,798b4e52-9946-3160-a3c1-2b4a56d93af4,672515,Gabriel Moreno,,,1B,Single,single,,False,,,False,False,False,False,
777939,42,1,9154aaf4-885d-381b-acfe-28b7a12e213f,672515,Gabriel Moreno,1B,1B,,Caught Stealing 2B,caught_stealing_2b,r_caught_stealing_2b,True,2B,2,False,False,False,False,
777939,42,2,7528cd73-575c-3f6a-a013-0ff133b42cf1,666971,Lourdes Gurriel Jr.,,,2B,Double,double,,False,,,False,False,False,False,
777939,43,1,ca4fb1a6-e969-33ac-907a-997ab06b82d3,677950,Alek Thomas,,,,Flyout,field_out,,True,1B,3,False,False,False,False,
777939,44,1,13913ac3-25f0-3c59-b16a-c56160e908bc,573262,Mike Yastrzemski,,,,Groundout,field_out,,True,1B,1,False,False,False,False,
777939,45,4,8f4c3256-bdb8-3c61-b05e-275892ee0640,656305,Matt Chapman,,,,Groundout,field_out,,True,1B,2,False,False,False,False,
777939,46,0,3741bb51-64f9-3549-ba4d-57921f914919,671218,Heliot Ramos,,,1B,Single,single,,False,,,False,False,False,False,
777939,47,5,4c6d4106-eb03-32a0-96db-eea01fbe4279,808982,Jung Hoo Lee,,,,Flyout,field_out,,True,1B,3,False,False,False,False,
777939,48,4,32a097e0-4024-3011-ba82-5eed939f5e85,672695,Geraldo Perdomo,,,1B,Single,single,,False,,,False,False,False,False,
777939,49,3,472bc167-03ec-35df-ac54-b12a6e86a036,672695,Geraldo Perdomo,1B,1B,,Forceout,force_out,r_force_out,True,2B,1,False,False,False,False,
777939,49,3,472bc167-03ec-35df-ac54-b12a6e86a036,682998,Corbin Carroll,,,1B,Forceout,force_out,,False,,,False,False,False,False,
777939,50,1,91d4ca90-86f8-3122-b41d-99d4a7c1a0ad,682998,Corbin Carroll,1B,1B,,Grounded Into DP,grounded_into_double_play,r_force_out,True,2B,2,False,False,False,False,
777939,50,1,91d4ca90-86f8-3122-b41d-99d4a7c1a0ad,606466,Ketel Marte,,,,Grounded Into DP,grounded_into_double_play,,True,1B,3,False,False,False,False,
777939,51,4,05423f43-acc1-3bc8-9f82-a3f664662600,527038,Wilmer Flores,,,1B,Single,single,,False,,,False,False,False,False,
777939,52,7,243d0a5d-8800-3cd8-80ee-95b32a21bf97,642715,Willy Adames,,,,Strikeout,strikeout,,True,1B,1,False,False,False,False,
777939,53,2,020b2bed-03ad-3191-8dbb-0686aec48a9a,672275,Patrick Bailey,,,1B,Single,single,,False,,,False,False,False,False,
777939,53,2,020b2bed-03ad-3191-8dbb-0686aec48a9a,527038,Wilmer Flores,1B,1B,2B,Single,single,r_adv_force,False,,,False,False,False,False,
777939,54,7,08e4db7d-c215-3dcd-9c98-3f2f99084714,682641,Luis Matos,,,,Strikeout,strikeout,,True,1B,2,False,False,False,False,
777939,55,1,0823060d-bcdb-3a02-8c85-0a87f02fd386,683766,Christian Koss,,,,Pop Out,field_out,,True,1B,3,False,False,False,False,
777939,56,3,8b19d7b7-a635-389d-b14f-cd23333e0f6a,656976,Pavin Smith,,,,Strikeout,strikeout,,True,1B,1,False,False,False,False,
777939,57,1,58c2b62f-605f-3ab5-bf62-860ac1e6d586,647304,Josh Naylor,,,,Flyout,field_out,,True,1B,2,False,False,False,False,
777939,58,2,e338a11f-d0a6-342b-81fe-40a5761600e4,553993,Eugenio Suárez,,,,Groundout,field_out,,True,1B,3,False,False,False,False,
777939,59,5,6178fd55-0f27-38cc-9026-a7950c23a331,573262,Mike Yastrzemski,,,1B,Walk,walk,,False,,,False,False,False,False,
777939,60,4,2e3b96be-d85e-38c9-b187-b28547e09e3d,656305,Matt Chapman,,,,Strikeout,strikeout,,True,1B,1,False,False,False,False,
777939,61,11,52afc8d5-be43-303a-ab2c-38d1e789b7b0,671218,Heliot Ramos,,,,Lineout,field_out,,True,1B,2,False,False,False,False,
777939,62,1,f796d8dd-0d0f-386f-ada5-39554fdd5c4c,808982,Jung Hoo Lee,,,,Groundout,field_out,,True,1B,3,False,False,False,False,
777939,63,4,bbab0247-d29e-323d-81b8-44ff726642ac,672515,Gabriel Moreno,,,,Flyout,field_out,,True,1B,1,False,False,False,False,
777939,64,3,fa7eb278-cdc0-3cbe-8404-2ecff5d3ee56,666971,Lourdes Gurriel Jr.,,,,Strikeout,strikeout,,True,1B,2,False,False,False,False,
777939,65,6,820ce0d7-0173-32e0-9d62-33e543972c86,677950,Alek Thomas,,,,Strikeout,strikeout,,True,1B,3,False,False,False,False,
777939,66,2,c267822c-ba76-3f72-b0f9-2eb493a5bdba,527038,Wilmer Flores,,,,Groundout,field_out,,True,1B,1,False,False,False,False,
777939,67,0,73046b8b-27da-324f-8829-82aa25e667de,642715,Willy Adames,,,,Flyout,field_out,,True,1B,2,False,False,False,False,
777939,68,6,bb85306f-8332-3606-9d83-b28851fc8345,672275,Patrick Bailey,,,,Strikeout,strikeout,,True,1B,3,False,False,False,False,
